# Position (bp)	A	C	G	T	N
0.0	16.199170702811944	31.45405763267013	35.18937942088575	17.157392243632184	0.0
1.0	17.792732961421528	31.80436258449187	33.29496148056318	17.10794297352342	0.0
2.0	17.85584273753185	29.889749856986843	33.205054865047586	19.04935254043372	0.0
3.0	18.994217217240653	32.32739447006766	30.583194811883967	18.095193500807717	0.0
4.0	18.779573921421687	32.60464618349213	30.85322770581308	17.762552189273098	0.0
5.0	18.135175135668476	32.874198322644304	31.188949185989145	17.801677355698075	0.0
6.0	18.42255177609938	32.21603543010456	32.15355495525296	17.207857838543102	0.0
7.0	18.437746459554916	31.63597709426328	32.241196036073106	17.6850804101087	0.0
8.0	18.137121005189837	31.696579205295883	31.993830036794833	18.172469752719444	0.0
9.0	18.159331543543182	31.967361467225725	31.528460679919156	18.344846309311936	0.0
10.0	18.370361952383657	31.660889823285416	31.54724700267061	18.42150122166032	0.0
11.0	18.56826270901887	31.482103283862735	31.43643811698341	18.51319589013498	0.0
12.0	18.429419651407777	31.44225244206091	31.558449849964887	18.56987805656643	0.0
13.0	18.63423233720603	31.072560998004477	31.453301176499394	18.839905488290096	0.0
14.0	18.71458923512748	31.44593956562795	31.440037771482533	18.39943342776204	0.0
15.0	18.69252824326331	31.422272483236807	31.47938727254035	18.40581200095953	0.0
16.0	18.74750255294588	31.25582737645962	31.258047329396614	18.738622741197887	0.0
17.0	18.809245552525645	31.146387914989393	31.2816517335411	18.76271479894386	0.0
18.0	18.561811052748393	31.45985478603663	31.37319143089654	18.605142730318434	0.0
19.0	18.53698913605794	31.502327987584067	31.348163476461462	18.612519399896534	0.0
20.0	18.916890624207696	31.131281375183818	31.202271690076564	18.74955631053192	0.0
21.0	18.848819148512487	31.1382372854355	31.038671392727707	18.974272173324305	0.0
22.0	18.548718651500618	31.360245893615772	31.23397090780947	18.85706454707414	0.0
23.0	18.67515727208794	31.13939172069633	31.191414340902302	18.994036666313427	0.0
24.0	18.661804645509278	31.23088902816554	31.15017188004482	18.957134446280364	0.0
25.0	18.797964748545244	30.87172855817614	31.548271629231905	18.782035064046703	0.0
26.0	18.862931951704674	31.0107785539159	31.15603460239626	18.970254891983164	0.0
27.0	18.7746402861246	31.157213029280207	31.326436340019942	18.74171034457525	0.0
28.0	18.902278921111485	31.282877760373758	30.909848162467064	18.904995156047697	0.0
29.0	19.05697093612404	31.06812658613794	31.030462815994547	18.844439661743472	0.0
30.0	18.87110961058346	31.077803345979227	31.06980711309339	18.981279930343927	0.0
31.0	18.811602117483332	31.01707903568188	31.134227655882533	19.037091190952253	0.0
32.0	19.03493914895846	31.1649875154965	31.06982591538475	18.73024742016029	0.0
33.0	18.76451221625368	31.141050077976086	31.023219546005894	19.07121815976434	0.0
34.0	18.697215198582658	31.01467223970965	31.406849338631165	18.881263223076523	0.0
35.0	18.843289954571848	31.110598763534515	30.956040577928068	19.09007070396557	0.0
36.0	18.877849706863053	30.789984982564505	31.17348107548595	19.158684235086497	0.0
37.0	18.79568659522625	30.96528872663502	31.279772694697616	18.95925198344111	0.0
38.0	18.97597934860955	31.039945019025428	31.059221885109878	18.924853747255142	0.0
39.0	18.88122375524895	31.216256748650267	30.83383323335333	19.068686262747452	0.0
40.0	18.74124715143982	31.10171949451005	31.217733581934947	18.939299772115188	0.0
41.0	18.801382005887543	31.177591054892677	31.103378328234644	18.917648610985133	0.0
42.0	18.94865525672372	31.046421949098306	31.02016704681577	18.984755747362204	0.0
43.0	18.811072924234878	31.05218903320081	31.130558299386923	19.006179743177384	0.0
44.0	18.72124965458949	31.380341671949413	30.93171437395361	18.966694299507488	0.0
45.0	18.887593887593887	31.26133126133126	31.185249935249935	18.665824915824917	0.0
46.0	18.804507278384087	31.058468879467384	31.299469637128624	18.837554205019906	0.0
47.0	18.929657962545253	30.927859877826563	31.360524013260875	18.781958146367305	0.0
48.0	18.731410112898583	31.184635558256307	31.007132120126652	19.076822208718458	0.0
49.0	18.862499601771322	31.13272165408264	31.032368027015835	18.972410717130206	0.0
50.0	18.845640993078923	31.117848752301736	31.217061400723857	18.819448853895484	0.0
51.0	18.623417721518987	31.063291139240505	31.147943037974684	19.16534810126582	0.0
52.0	18.91325086528379	30.964150839266146	31.448236713261903	18.674361582188162	0.0
53.0	18.988197205676656	30.943437740652847	30.787848308161376	19.280516745509125	0.0
54.0	18.99793194209438	30.89631509682271	31.092153913642917	19.013599047439993	0.0
55.0	18.93958924121337	31.01705375487278	30.89752904138055	19.1458279625333	0.0
56.0	18.775745399895655	31.054111087750446	31.013619267876745	19.15652424447715	0.0
57.0	19.098384203865177	31.000613396898853	31.020801142937003	18.880201256298964	0.0
58.0	18.81083843788962	30.81164380909605	31.366110908907867	19.011406844106464	0.0
59.0	18.90524592189817	30.987394957983195	31.17430795847751	18.933051161641128	0.0
60.0	18.999992294593117	30.947996208939816	31.228473019517793	18.823538476949274	0.0
61.0	18.901759429357643	30.964111945518415	31.226220032436835	18.907908592687107	0.0
62.0	19.032282800398743	31.12721417069243	30.966950387240246	18.873552641668585	0.0
63.0	18.880450328491996	30.797176269034566	31.422802468852534	18.899570933620907	0.0
64.0	18.890643957603643	31.19596486810277	31.12576211951255	18.787629054781036	0.0
65.0	18.902870715052416	30.975708163001197	31.219311667846622	18.902109454099772	0.0
66.0	18.907192681184746	30.994787471695815	31.09812622524809	18.999893621871344	0.0
67.0	18.799814959465504	31.003389881922907	31.19601404487991	19.000781113731676	0.0
68.0	18.629535737258315	31.24900677286314	31.17030534639979	18.951152143478755	0.0
69.0	18.83540173277236	31.121921005521607	31.032789733286	19.009887528420037	0.0
70.0	18.955366767426256	31.165620123775994	31.082700759089093	18.796312349708653	0.0
71.0	18.85912452137543	30.99681794588251	31.114170296314686	19.029887236427374	0.0
72.0	18.979576512989937	30.892776693197177	30.981378585373182	19.146268208439707	0.0
73.0	18.753701635091875	31.07874080682525	31.130469985830704	19.03708757225217	0.0
74.0	18.850827571757804	30.991290293615876	31.21277423603005	18.94510789859627	0.0
75.0	18.954414379416995	31.06799743011251	30.898414738005947	19.079173452464552	0.0
76.0	19.17280056081318	30.95286037094212	31.043097597899934	18.831241470344768	0.0
77.0	18.920146203836737	31.090647867612574	31.060126700066252	18.92907922848444	0.0
78.0	18.988376586699964	30.597669371860043	31.473884479324592	18.940069562115404	0.0
79.0	18.800546083188653	31.09409547552271	31.20242176022793	18.90293668106071	0.0
80.0	18.98044910024374	30.861380490587564	31.2681043998785	18.890066009290194	0.0
81.0	18.956564192088056	31.017545936029826	31.07450365417049	18.95138621771163	0.0
82.0	18.913329295495842	31.108829568788497	30.995080732128876	18.98276040358678	0.0
83.0	18.969408224674023	31.182518142663284	31.065992093928845	18.78208153873385	0.0
84.0	18.847731775762888	30.981755507597576	31.064986336885987	19.10552637975355	0.0
85.0	18.82988894609105	31.330440538354047	30.89357946605869	18.946091049496214	0.0
86.0	18.781349372461754	31.113265328603845	31.243987162822123	18.86139813611227	0.0
87.0	18.880267538906082	31.044193789694475	31.03612655294307	19.03941211845637	0.0
88.0	18.64581807528929	31.031199648454667	31.19159220741175	19.131390068844293	0.0
89.0	18.775008595275892	31.00444028294917	31.35044585707702	18.870105264697923	0.0
90.0	18.814984765342434	31.04435952330501	31.27817680970926	18.8624789016433	0.0
91.0	18.841732657008357	31.12797868846477	31.11703098200927	18.91325767251761	0.0
92.0	19.068862209976164	30.85569332371143	31.004395460211242	19.071049006101163	0.0
93.0	18.67057958244431	31.329056312489534	31.047967201415638	18.952396903650516	0.0
94.0	18.744180633147113	30.98594622905028	30.947392923649907	19.3224802141527	0.0
95.0	18.585202461654717	31.089652767181814	31.2197106756472	19.105434095516273	0.0
96.0	18.76442663647054	31.052654501110577	31.337920822263836	18.844998040155044	0.0
97.0	19.068232905518094	30.928866652164455	30.87955913276775	19.12334130954971	0.0
98.0	18.86930505147096	31.007179130535572	31.175972007910808	18.947543810082657	0.0
99.0	18.89360901439437	30.97286852560809	31.203728497094346	18.92979396290319	0.0
100.0	18.860530691923937	30.93774853589762	31.235630106282986	18.96609066589545	0.0
101.0	18.940914802351276	31.171016334724648	31.13924233452245	18.748826528401626	0.0
102.0	18.67924936689682	31.090236142074843	31.38099463936567	18.849519851662663	0.0
103.0	18.826395295202953	31.053966789667896	31.093605857933582	19.02603205719557	0.0
104.0	18.866375772238303	30.865050906524967	31.244509727682495	19.024063593554242	0.0
105.0	18.677848825082176	31.05638310880307	31.299494357373536	18.966273708741216	0.0
106.0	19.050904465190488	31.03857182898169	30.870399517043616	19.040124188784198	0.0
107.0	18.637496140673353	31.115147946838224	31.158228802424016	19.089127110064403	0.0
108.0	18.891582858700488	31.014447010889057	31.054617448316428	19.039352682094027	0.0
109.0	18.712104923672328	31.19974199096968	31.057120332544976	19.031032752813015	0.0
110.0	18.87935169342888	30.74087066083458	31.158232333717528	19.221545312019014	0.0
111.0	18.954491480564815	30.95394783902488	31.24579750783273	18.845763172577577	0.0
112.0	19.00197289414994	31.049493909761537	31.08451992909018	18.86401326699834	0.0
113.0	18.856106218708263	30.994979037660787	31.374943755222727	18.77397098840822	0.0
114.0	18.835645769099006	31.040167865707435	31.04659129838986	19.0775950668037	0.0
115.0	18.90798858773181	30.98787446504993	31.145506419400853	18.958630527817405	0.0
116.0	18.865692067542426	31.15105811243291	30.948630405496907	19.03461941452775	0.0
117.0	18.651432479022127	31.11492598977106	31.176185659538703	19.057455871668118	0.0
118.0	18.87035573685297	31.068064839929093	31.120033601719953	18.941545821497982	0.0
119.0	18.778811678333618	31.217631324341244	31.04333845540948	18.96021854191566	0.0
120.0	18.947757533535697	30.779620533016754	31.223208763711067	19.049413169736475	0.0
121.0	18.653482788503887	30.933100342383042	31.18171873446135	19.23169813465172	0.0
122.0	18.718320057929034	31.183711717851516	31.14821598443867	18.94975223978078	0.0
123.0	18.70449997871344	31.288404501397814	31.177004839144562	18.830090680744178	0.0
124.0	18.901172149223886	30.95097962743666	31.023308254681858	19.124539968657594	0.0
125.0	18.89731415207994	31.160796541705054	30.970165119410385	18.97172418680462	0.0
126.0	19.01558073654391	31.13810198300283	31.19971671388102	18.64660056657224	0.0
127.0	18.7918465567273	31.006440653974092	31.349706277868215	18.852006511430393	0.0
128.0	18.945946519374527	31.0508709520004	31.062893837917354	18.940288690707725	0.0
129.0	18.750706773719326	31.15458554789099	30.95174149044442	19.14296618794527	0.0
130.0	18.88614211046758	31.05735273343693	30.980364458256815	19.076140697838678	0.0
131.0	18.994748581269942	30.884553488240773	31.096304243485136	19.024393687004153	0.0
132.0	19.059680116270044	30.749476149824677	31.12975257339194	19.06109116051334	0.0
133.0	19.014546300670553	30.882155926753768	31.111314807894345	18.991982964681327	0.0
134.0	18.790031073625467	31.119425595930128	31.021483783231517	19.069059547212884	0.0
135.0	18.836925980437034	30.78596931050753	31.23525559319169	19.14184911586375	0.0
136.0	18.687057068258113	31.014898693109444	31.25136354359469	19.046680695037757	0.0
137.0	18.943747669928182	30.75905826410529	31.16704065052088	19.13015341544565	0.0
138.0	18.92739378343985	31.11092362531902	30.900705180935507	19.060977410305625	0.0
139.0	18.951244536267936	31.28838667060196	30.7817177551967	18.978651037933407	0.0
140.0	18.77392752024839	31.406955752088063	30.92296128746742	18.89615544019613	0.0
141.0	18.829650538200664	31.15244454742696	30.964969561645567	19.052935352726813	0.0
142.0	18.919772583701832	31.130764371446617	31.085842633536885	18.863620411314663	0.0
143.0	18.658172071680163	31.12922917163666	31.233774434824095	18.97882432185908	0.0
144.0	19.06378204004348	30.887478523089868	31.19604474210176	18.852694694764892	0.0
145.0	18.87585950697068	31.114678030966786	30.99131556259594	19.018146899466597	0.0
146.0	18.815072236312936	31.102251867214104	31.312444824348752	18.77023107212421	0.0
147.0	18.819203697867422	31.13562348986238	30.980845326890076	19.06432748538012	0.0
148.0	18.991613110989768	31.16450343736436	30.932078800352837	18.91180465129304	0.0
149.0	18.879675308771564	31.014310206080964	31.226339176375916	18.879675308771564	0.0
150.0	19.019910900991	30.846160839796628	31.232209921181646	18.90171833803073	0.0
151.0	18.95504337674503	31.10682353599116	30.939747918545397	18.998385168718414	0.0
152.0	18.829267610948452	31.27450089792952	30.913232755909913	18.982998735212114	0.0
153.0	18.970551255902322	31.020368249001145	31.34237657511665	18.66670391997988	0.0
154.0	18.988835436144143	31.087619832287167	30.98498125274925	18.938563478819447	0.0
155.0	18.82337339642922	31.247120901210266	31.062160615324487	18.86734508703603	0.0
156.0	18.76822615077649	31.178752319691917	31.137590869134495	18.915430660397103	0.0
157.0	18.84506747567737	31.07298531924539	31.012309516337133	19.069637688740105	0.0
158.0	19.079690441330264	31.139928885170466	30.878477306002928	18.901903367496338	0.0
159.0	18.95442602156383	30.987378119751046	31.10864853186136	18.949547326823758	0.0
160.0	19.019717132306834	31.043684247195706	31.04438096565178	18.892217654845677	0.0
161.0	18.922062274965352	30.981481868388244	30.96476749611739	19.131688360529008	0.0
162.0	18.851072420586576	31.00378009982805	31.350463288478004	18.794684191107365	0.0
163.0	18.92971468336813	30.87404314544189	31.220598469032705	18.97564370215727	0.0
164.0	19.061334669115602	31.12581399231925	30.984582846329385	18.828268492235768	0.0
165.0	18.93794475476318	31.04223039948803	31.234913987993796	18.784910857754994	0.0
166.0	18.878526771122377	31.046017539101346	31.214315022288986	18.86114066748729	0.0
167.0	19.091945552882944	30.9469849700374	31.099926310081617	18.86114316699804	0.0
168.0	18.656374197493122	31.36447013701676	30.944804202217835	19.034351463272284	0.0
169.0	19.003035207012232	31.003563069101315	31.145946922077833	18.84745480180862	0.0
170.0	18.902218889722015	31.185953511622095	30.80063317503957	19.11119442361632	0.0
171.0	18.796455018009453	31.041494611044406	31.305216842134488	18.856833528811652	0.0
172.0	18.93463208869278	30.95505695930289	31.041779405847176	19.068531546157157	0.0
173.0	18.875449085184005	31.044097044013817	31.19390769999029	18.88654617081189	0.0
174.0	18.918281732136048	30.964878826751725	31.120202475470656	18.996636965641578	0.0
175.0	18.867885291242956	30.873902163439876	31.292587740276307	18.96562480504086	0.0
176.0	18.971181436353806	30.87772556521257	31.238823969725953	18.91226902870767	0.0
177.0	18.851113066492992	30.92197795345421	31.233761284824467	18.99314769522833	0.0
178.0	18.95467390702056	30.91234000110822	31.19562808222973	18.937358009641493	0.0
179.0	19.27668296195765	31.106925729479705	30.820950297054384	18.79544101150826	0.0
180.0	18.824750830564785	30.889396456256925	31.122646733111846	19.163205980066444	0.0
181.0	18.909418033354093	30.95287523354785	31.06151823403225	19.076188499065807	0.0
182.0	18.871279046439714	30.925681238023422	31.080641702351386	19.122398013185478	0.0
183.0	19.06089193825043	30.755131964809383	31.12930891384939	19.0546671830908	0.0
184.0	18.9245066449088	30.77885798841117	31.218625105447305	19.07801026123273	0.0
185.0	18.86115584801587	30.992652395402043	31.206237514947503	18.93995424163458	0.0
186.0	18.795558657094887	31.00717883521844	31.12532905873655	19.07193344895012	0.0
187.0	18.947950126066385	30.602010154388147	31.410216557869653	19.03982316167582	0.0
188.0	18.9204306124281	31.015695671088338	31.137228364073277	18.926645352410283	0.0
189.0	18.916847882365122	31.229160194677437	31.035863449656553	18.818128473300888	0.0
190.0	18.87681859591972	30.772575435496783	31.286751511470612	19.063854457112882	0.0
191.0	19.073114525621477	30.863754596824826	31.084540179526275	18.97859069802742	0.0
192.0	18.699512282613945	31.080083608694753	31.242196176902752	18.97820793178855	0.0
193.0	18.953554136261435	30.798146027892347	30.99057840067317	19.25772143517305	0.0
194.0	19.0212557655316	30.737781209710224	31.25211144281351	18.988851581944665	0.0
195.0	18.930171641276626	30.981595092024538	31.127731439994484	18.96050182670435	0.0
196.0	18.884463249583085	31.280923963228908	31.143101285885578	18.691511501302426	0.0
197.0	19.00066833405679	31.055485506797027	30.82398010155922	19.11986605758697	0.0
198.0	18.83326215438026	31.161916045572895	31.12954110240126	18.875280697645582	0.0
199.0	18.82205479263371	30.981666919188438	31.031253013043898	19.16502527513395	0.0
200.0	18.93377036537164	31.00081254906281	31.092396468854584	18.97302061671097	0.0
201.0	18.774310360258024	30.8873238466993	31.179908713521552	19.158457079521124	0.0
202.0	19.079703512019876	30.848376817778266	31.06998575371126	19.001933916490596	0.0
203.0	18.841387472562253	31.1121661884414	31.03234729475879	19.014099044237557	0.0
204.0	18.737446000605342	31.254987205238972	31.15524310045951	18.85232369369617	0.0
205.0	18.756017716156364	31.118813787791254	31.08373909933702	19.04142939671536	0.0
206.0	18.69181369380767	30.990525172238343	31.217425982205476	19.100235151748514	0.0
207.0	19.076030546944274	30.85420089221273	31.22194650847877	18.847822052364226	0.0
208.0	18.91007799883174	31.14524275847851	31.034601243858024	18.91007799883174	0.0
209.0	18.85895295225138	30.94281022173665	31.11871534291192	19.079521483100052	0.0
210.0	18.986706969395115	31.09057809226119	30.940129838903584	18.982585099440115	0.0
211.0	18.941142527409117	31.00871046629846	31.23883713901025	18.81130986728217	0.0
212.0	18.909915169832058	31.231926366040458	30.983274375794213	18.87488408833328	0.0
213.0	19.005727471259632	31.02998338071889	31.100718337522494	18.863570810498988	0.0
214.0	19.012928874027587	31.07186751165521	30.87481032387413	19.04039329044307	0.0
215.0	18.793028890704043	31.019239877271136	31.18946783172143	18.99826340030339	0.0
216.0	18.83968459843946	30.969880386222798	31.093405801577006	19.09702921376073	0.0
217.0	18.737262490479033	31.0702595878708	31.223281251072184	18.969196670577983	0.0
218.0	18.891549402070627	30.851509059847825	31.123201580756486	19.133739957325062	0.0
219.0	19.20525712874615	30.788912287440922	30.847218125570198	19.15861245824273	0.0
220.0	18.912005924788104	31.21759881504238	31.001590915324904	18.868804344844612	0.0
221.0	18.68709721650898	31.362265185794598	30.937200054847114	19.013437542849307	0.0
222.0	19.077224682286168	31.099625735163073	30.918662517308036	18.904487065242723	0.0
223.0	18.947794026945903	31.074135497046367	30.995326270199147	18.982744205808583	0.0
224.0	18.73505491569088	31.002870826510264	31.27419476399614	18.987879493802716	0.0
225.0	18.937416503956428	30.967012640016446	31.300654266433735	18.794916589593395	0.0
226.0	18.672540301309237	31.344929879490007	31.066092091831493	18.916437727369264	0.0
227.0	18.849921227481335	31.072676210699363	31.10076032604973	18.97664223576957	0.0
228.0	18.933411863002252	31.058712341713633	31.281289164960246	18.726586630323865	0.0
229.0	18.80512188441523	31.06751574910983	31.092166529717886	19.03519583675705	0.0
230.0	18.89752998521277	30.981296894682075	31.131222958540995	18.98995016156416	0.0
231.0	19.016624574803743	30.915960002463915	30.937861459595233	19.12955396313711	0.0
232.0	18.6631356367145	31.15107470591858	30.99163091156686	19.194158745800056	0.0
233.0	18.724172846939055	30.985742043184366	31.42429052297419	18.865794586902386	0.0
234.0	18.89013529596848	30.886879437475205	31.23914143832337	18.983843828232942	0.0
235.0	18.750897638441494	31.056580288201786	31.25012823406307	18.942393839293654	0.0
236.0	18.9726861160122	31.104591522711416	30.99380411144393	18.928918249832453	0.0
237.0	18.86201544026641	31.205339131980768	30.907884929670885	19.024760498081932	0.0
238.0	19.012717079174074	31.076849446191712	31.041980035553124	18.86845343908109	0.0
239.0	19.0104113259914	31.035732108310604	31.109561603193807	18.844294962504186	0.0
240.0	18.892966737060807	31.137446264668295	31.18938757099215	18.780199427278752	0.0
241.0	18.85345617080605	31.01258901843929	31.232657636107657	18.901297174647002	0.0
242.0	18.915668413751632	30.942537532715136	31.038205809797798	19.103588243735437	0.0
243.0	18.880894300610183	31.031301887952772	31.06410019883976	19.023703612597284	0.0
244.0	18.936443515216116	31.043742057147544	31.17151095259569	18.848303475040655	0.0
245.0	18.808451916573873	30.982846134402685	31.23834377412369	18.970358174899747	0.0
246.0	18.909244914409058	31.037474213424048	31.106466111999126	18.946814760167765	0.0
247.0	18.900514978075865	31.02845356318385	31.072165230100946	18.99886622863934	0.0
248.0	18.84543939683667	31.013877127325372	31.028901576201275	19.111781899636682	0.0
249.0	18.906182771832295	30.797757182956232	31.23689584286622	19.05916420234526	0.0
250.0	18.95029397504797	30.97766335930511	31.03570721314386	19.036335452503057	0.0
251.0	18.921779507664994	30.793813377035743	31.20284065690191	19.08156645839735	0.0
252.0	18.736686875307225	31.001829701239824	31.26467857337921	18.996804850073733	0.0
253.0	18.85738860938364	30.919727761128822	31.29449992832226	18.928383701165274	0.0
254.0	19.2551840880237	30.922283046428134	31.027398195295756	18.795134670252413	0.0
255.0	18.971012811149865	30.95083712708087	30.99110659122399	19.087043470545275	0.0
256.0	18.91499003576206	30.79836750293467	31.311594005077666	18.9750484562256	0.0
257.0	18.852872935717212	30.95605295482462	31.32182339293026	18.86925071652791	0.0
258.0	19.104834032681744	30.845699860130317	31.15000170572784	18.899464401460104	0.0
259.0	18.87155418818345	31.079670648266266	30.894120375739302	19.154654787810983	0.0
260.0	18.81471073703739	31.03796363239527	31.048194578962445	19.099131051604896	0.0
261.0	19.01449749737463	31.295773495356165	30.763198450690783	18.926530556578427	0.0
262.0	18.886707031036927	30.9748813614793	31.16715758468336	18.971254022800416	0.0
263.0	18.99489333269699	30.766818253097068	31.197714612977347	19.0405738012286	0.0
264.0	18.917131892326676	30.974145041342034	30.980961534528944	19.12776153180235	0.0
265.0	19.097891946047994	31.16893738541333	30.92494019342571	18.808230475112968	0.0
266.0	18.868053094933085	31.103327972961925	31.07266483142086	18.955954100684128	0.0
267.0	18.882476783560787	31.23505324621349	31.061313202199344	18.82115676802638	0.0
268.0	19.096278432895303	31.01374043721431	30.921092967648324	18.968888162242067	0.0
269.0	18.781843446039833	31.03629131133695	31.201809116421003	18.980056126202218	0.0
270.0	18.902131716951576	31.158482598923925	31.019546414220528	18.91983926990397	0.0
271.0	18.95652292353374	31.136778446702447	31.044839140265328	18.86185948949849	0.0
272.0	18.989608727035016	30.911653751344875	31.03558636468874	19.063151156931372	0.0
273.0	18.72936338818275	31.123244398755507	31.07490792241655	19.07248429064519	0.0
274.0	18.805129042796473	31.15131220733965	30.99136992268322	19.05218882718066	0.0
275.0	19.042141943211828	30.861214711567253	31.087169575041518	19.0094737701794	0.0
276.0	18.91351101189666	31.00141562083141	31.091933683608747	18.99313968366319	0.0
277.0	18.909224559803434	31.06865500976702	31.16190113188541	18.860219298544134	0.0
278.0	18.959897105759218	30.93019932356564	31.21329458920563	18.89660898146951	0.0
279.0	18.71788764503726	30.955799789036714	31.30014631324645	19.026166252679573	0.0
280.0	19.043017923000505	30.93384684476259	31.01209836556389	19.011036866673017	0.0
281.0	18.63202732679196	31.149548862971383	31.227119935765707	18.99130387447095	0.0
282.0	18.935156834728176	30.99067836973532	31.17575015309247	18.898414642444035	0.0
283.0	18.861711175369962	31.259738050688888	30.959006633781254	18.919544140159893	0.0
284.0	18.955604694675966	30.949481204286442	31.15904065317231	18.935873447865283	0.0
285.0	18.87882127260112	31.263349795246455	31.0157408541148	18.84208807803763	0.0
286.0	18.936859000516883	30.953644005549663	31.128431132511764	18.98106586142169	0.0
287.0	19.03233265775263	30.867690466150687	31.11797271379409	18.982004162302594	0.0
288.0	18.948069965452518	31.04512934903838	30.880552759718178	19.12624792579092	0.0
289.0	18.779074512364318	30.986969177616363	31.146793982426075	19.087162327593244	0.0
290.0	18.939265142911545	30.885623159627063	31.24264700882019	18.9324646886412	0.0
291.0	18.928199862642035	31.034740685837846	31.249617505660915	18.7874419458592	0.0
292.0	18.852453443387567	31.02482339423031	31.046580409167863	19.07614275321426	0.0
293.0	18.89914743755354	30.961478318806684	31.01994751369947	19.119426729940304	0.0
294.0	19.065423102023058	30.79657929084185	31.080731999129867	19.05726560800522	0.0
295.0	18.73942096569164	31.16303099104733	31.008041765517618	19.08950627774341	0.0
296.0	18.846007449498384	30.865120578559583	31.19545417470977	19.093417797232267	0.0
297.0	18.945129327334755	31.022250010193957	31.12554877468637	18.90707188778492	0.0
298.0	18.953462298958353	30.865455830292653	31.04076210666504	19.14031976408396	0.0
299.0	18.755478246689268	31.146337983189852	31.044417114552264	19.053766655568616	0.0
300.0	19.069912821314272	31.098261182721902	30.825785321637028	19.006040674326794	0.0
301.0	18.94598800035333	31.023095582689525	31.082889971529713	18.948026445427427	0.0
302.0	18.945930888287972	31.077169762606843	31.145112853473933	18.83178649563126	0.0
303.0	19.114619779741968	30.895910755413038	30.849032889239155	19.140436575605847	0.0
304.0	18.982500475530557	30.914241460829867	30.995760984755847	19.107497078883725	0.0
305.0	18.675054860691212	30.99034587712564	31.250552003858935	19.08404725832422	0.0
306.0	18.921746455526797	30.982805823330008	31.052098830850333	19.043348890292865	0.0
307.0	18.743079191038102	31.23755952744886	31.029001161676888	18.99036011983614	0.0
308.0	18.64810890120639	31.11074883164873	31.28600152157374	18.955140745571132	0.0
309.0	19.022038099765698	31.0041087982614	31.040103229311693	18.93374987266121	0.0
310.0	18.721991363154896	31.057334528368507	31.01116271490263	19.20951139357397	0.0
311.0	18.783817728806426	31.06784252225096	31.164246386552342	18.984093362390272	0.0
312.0	18.867348185557773	31.142833869588237	31.11500291885581	18.87481502599818	0.0
313.0	18.970373638307258	31.06729561882784	31.186072555740317	18.77625818712458	0.0
314.0	18.901859644359984	31.022125695669878	31.096104248676532	18.979910411293606	0.0
315.0	18.9431677819554	31.17492161307399	31.007288966106987	18.87462163886363	0.0
316.0	19.00715381378365	30.972484287401414	31.06886394179212	18.95149795702282	0.0
317.0	18.800309492459515	31.133176777206153	30.992683489663225	19.07383024067111	0.0
318.0	19.01643571612763	30.88720294241392	31.16135774487317	18.93500359658528	0.0
319.0	18.773070242101834	31.01726196938443	31.053902942134403	19.155764846379327	0.0
320.0	18.86915342551257	31.18580132162775	30.923239751957336	19.021805500902346	0.0
321.0	18.8009198645981	31.10173458243167	31.05357058061365	19.043774972356577	0.0
322.0	18.798751950078003	31.185647425897034	30.978091297564948	19.037509326460015	0.0
323.0	18.959904508708156	30.88546470620151	31.16352883728501	18.991101947805326	0.0
324.0	18.79624292156929	31.040656471465873	31.081346851581838	19.081753755382998	0.0
325.0	18.79899102226803	31.22677588217744	31.058612926849115	18.915620168705416	0.0
326.0	19.046037019458947	30.873279544375894	31.179062987321178	18.90162044884399	0.0
327.0	18.767883053306754	31.02328356589778	31.072101758811005	19.13673162198446	0.0
328.0	18.95014475852109	30.76677944496803	31.22037874524534	19.062697051265534	0.0
329.0	18.986500688186915	31.021296503468054	31.005024103492463	18.987178704852564	0.0
330.0	18.986114501125485	31.278306620020068	30.92235511078567	18.813223768068777	0.0
331.0	18.99416346368942	30.95736820341786	31.078708505345077	18.969759827547637	0.0
332.0	18.707254746460066	31.09380401407162	31.079569717550886	19.11937152191743	0.0
333.0	18.76554757983068	31.06262412645478	31.04432288807098	19.12750540564356	0.0
334.0	18.935697245716764	31.206625460854475	31.020250487963562	18.837426805465192	0.0
335.0	18.75927695654826	31.103474919176104	31.137363344923173	18.99988477935246	0.0
336.0	18.927399896982678	31.163418006343697	30.98178219969095	18.927399896982678	0.0
337.0	18.67976956963741	31.162995594713657	31.124364622161977	19.032870213486955	0.0
338.0	19.098610640460862	30.815316841748558	31.322941375804813	18.763131141985767	0.0
339.0	18.953588442173597	31.001348503432247	30.881406238353065	19.16365681604109	0.0
340.0	18.74610401929696	30.89614331788492	31.25999403745562	19.097758625362495	0.0
341.0	18.939609500968796	31.12407354714578	31.09290950232375	18.84340744956167	0.0
342.0	19.102394743081668	30.843071503573483	31.186532533956573	18.868001219388272	0.0
343.0	18.91789351020657	31.026890061720447	31.131902900386855	18.92331352768613	0.0
344.0	18.861405255990732	31.135546025487287	31.15993577366314	18.843112944858845	0.0
345.0	18.94519341508028	30.756046338323962	31.218074656188605	19.080685590407153	0.0
346.0	18.881422068068503	31.19309559939302	31.097577498374164	18.82790483416432	0.0
347.0	18.898320585864198	31.1087927051507	31.056628571041458	18.93625813794365	0.0
348.0	18.86541926917501	30.908992371997236	31.170485184332108	19.055103174495645	0.0
349.0	18.963333265595047	31.27679895953992	30.984846945341975	18.775020829523054	0.0
350.0	18.82945794189961	30.946688250553706	31.14175601628274	19.082097791263944	0.0
351.0	19.12234835143995	31.09032537725881	30.972474330145484	18.81485194115575	0.0
352.0	19.125275975565156	30.901136409811862	30.776524130084383	19.197063484538596	0.0
353.0	18.76950995727277	31.367609915967527	30.855018587360593	19.00786153939911	0.0
354.0	19.087339201083278	30.99255247122546	31.117129316181448	18.80297901150982	0.0
355.0	18.83555615733532	30.946449123282104	31.29916728725205	18.918827432130524	0.0
356.0	18.7030781416067	31.1300509751623	31.19977795679635	18.96709292643465	0.0
357.0	18.70713990752713	30.928316601114275	31.208578449623946	19.155965041734646	0.0
358.0	18.74898467536687	31.406698435046298	30.989738452374503	18.854578437212325	0.0
359.0	18.708245057094704	31.071430988851812	31.23726622308562	18.983057730967868	0.0
360.0	18.61047558449646	31.195256339095945	31.084246009720175	19.110022066687424	0.0
361.0	19.056901324561583	31.03074850927599	30.967126236065706	18.94522393009672	0.0
362.0	18.965505573113703	30.96783362546781	31.061903182799483	19.004757618619006	0.0
363.0	18.997604320344326	30.88058145987575	30.9428420610966	19.178972158683326	0.0
364.0	19.031120795241545	31.101171343695654	31.051096569877995	18.81661129118481	0.0
365.0	18.612284121054625	31.290942558605384	31.138676844783713	18.958096475556278	0.0
366.0	18.77697939079013	31.013274875167458	31.239935587761675	18.969810146280736	0.0
367.0	18.926031920003787	31.026947302901757	30.9660570879593	19.080963689135157	0.0
368.0	19.028964621348976	30.746747315647387	31.239301493223998	18.984986569779636	0.0
369.0	18.84760074697556	30.907467049175892	30.99204308641641	19.252889117432137	0.0
370.0	18.756173800083896	30.96439831666689	31.121365069484852	19.15806281376436	0.0
371.0	18.921204494868515	30.94382767415586	30.97021236291801	19.164755468057614	0.0
372.0	18.94140807338705	30.99939791231168	31.265940102422558	18.793253911878715	0.0
373.0	18.91705396464595	30.95271920389124	31.14552256475825	18.98470426670455	0.0
374.0	18.85976781316808	31.0414580683571	31.15985170351528	18.938922414959546	0.0
375.0	18.764797402421703	31.033619698302108	31.164175065954137	19.03740783332206	0.0
376.0	18.81438591981818	31.079755680165583	30.888331225184153	19.21752717483208	0.0
377.0	18.76285173160173	31.289231601731604	31.158008658008658	18.78990800865801	0.0
378.0	18.9943453910879	30.93260463732042	31.21804063742864	18.855009334163036	0.0
379.0	19.079632610548245	30.974474819754622	31.06239939399678	18.88349317570035	0.0
380.0	18.961634441761856	31.040732550197138	31.058992202452202	18.938640805588804	0.0
381.0	18.775568162608444	30.982696481820827	31.311321328834463	18.93041402673627	0.0
382.0	19.01287495604663	30.826188093370476	31.34280922885505	18.81812772172784	0.0
383.0	18.776158761283344	31.21877007336286	31.132222184658037	18.872848980695764	0.0
384.0	18.901977225392873	30.78088231316437	31.17646263287441	19.140677828568336	0.0
385.0	18.903585290975236	30.980105759997834	30.984839263737303	19.131469685289623	0.0
386.0	18.83604251751278	31.151786438752605	30.994915208395312	19.017255835339302	0.0
387.0	18.80865449628127	31.106828938471942	31.039215686274506	19.04530087897228	0.0
388.0	19.02025473917629	30.90875902539279	31.11292895967982	18.958057275751102	0.0
389.0	18.830194291586107	31.07854139343708	31.149524749530155	18.941739565446657	0.0
390.0	18.80184144882273	31.1809203188059	31.073434869902044	18.943803362469325	0.0
391.0	18.801425200630117	31.064370660338454	30.983915786057644	19.15028835297379	0.0
392.0	18.95560934056276	30.91661370796544	31.038306042700487	19.089470908771315	0.0
393.0	18.952264414983876	31.154212778615324	30.890554965893497	19.002967840507303	0.0
394.0	18.739732695154846	31.242352336720273	31.01993631735859	18.997978650766285	0.0
395.0	18.96057541506679	31.213157752420095	30.903547671840354	18.92271916067276	0.0
396.0	18.835681258956818	30.834437444231135	31.0433171997945	19.286564097017546	0.0
397.0	18.92726781127484	30.922671353251317	31.007165066919022	19.14289576855482	0.0
398.0	18.706912865987185	31.07951012463165	30.954472951417987	19.259104057963178	0.0
399.0	18.840599298520676	31.106350482858357	31.168523987484203	18.88452623113676	0.0
400.0	18.95658050346342	31.261361716506165	30.939685757729347	18.842372022301067	0.0
401.0	18.863015920209747	30.98156607292483	30.96399708084439	19.19142092602103	0.0
402.0	18.977727321872635	31.127689479943776	30.96415828738242	18.930424910801168	0.0
403.0	19.023549684089602	31.0578774875832	31.103152346521608	18.81542048180559	0.0
404.0	19.025609838502604	30.795999729711465	31.17102506926144	19.007365362524496	0.0
405.0	18.81879920262189	31.21802885427577	31.09166469574619	18.87150724735615	0.0
406.0	19.013894144996485	30.93136724874304	31.08950100016219	18.965237606098288	0.0
407.0	18.850520340586566	30.98391674550615	31.10082443573456	19.06473847817273	0.0
408.0	18.670883937200518	31.219967153950652	31.149679311719826	18.95946959712901	0.0
409.0	18.826678563461968	30.936399461940393	31.29330332096337	18.943618653634267	0.0
410.0	18.99685672761686	30.78717004089634	31.14881535809646	19.06715787339034	0.0
411.0	18.847261468572125	30.864080688993145	31.18248313345862	19.10617470897611	0.0
412.0	18.903679865867097	30.85665222123816	31.265676444937228	18.973991467957514	0.0
413.0	18.77535291254259	31.035345340472713	31.042106117150738	19.147195629833956	0.0
414.0	18.91901027582477	31.09721471065441	30.911979448350458	19.071795565170362	0.0
415.0	18.81599762036749	31.004177877530047	31.069076945958006	19.110747556144457	0.0
416.0	18.780336114002946	31.090545272636316	31.184511174506174	18.944607438854565	0.0
417.0	18.949246951301948	31.169726631154855	30.99937809263716	18.88164832490604	0.0
418.0	18.934043430363406	30.954102770324614	31.040612053176176	19.071241746135804	0.0
419.0	18.70907137209318	31.221658297909727	30.910786573044717	19.15848375695238	0.0
420.0	18.747972534602077	30.97223724048443	31.15133001730104	19.12846020761246	0.0
421.0	19.07992998438841	30.89742983232748	31.146133935269347	18.87650624801476	0.0
422.0	19.003075259369403	31.150011827920654	30.93846101855294	18.908451894157007	0.0
423.0	18.894386092974845	31.106289792773428	31.06573664787704	18.933587466374686	0.0
424.0	18.80221146827435	30.95244532158209	31.312687555759823	18.932655654383733	0.0
425.0	18.720307083048933	31.10770208078501	31.225966899366774	18.946023936799282	0.0
426.0	18.892486127351255	31.001737038113454	31.01593073476036	19.089846099774928	0.0
427.0	18.871380963003524	31.128957027843683	31.087722144484324	18.911939864668465	0.0
428.0	18.788616237409585	31.072128709524776	31.167444061380383	18.971810991685256	0.0
429.0	18.981018305708027	30.977070545926505	30.94800313657626	19.0939080117892	0.0
430.0	18.891931176689315	30.869080214988337	31.28215529189061	18.956833316431734	0.0
431.0	18.901379697291304	31.08746645395488	31.004319581426476	19.006834267327335	0.0
432.0	18.730523540744244	31.29617737519857	31.018352654882214	18.954946429174978	0.0
433.0	18.85786132911521	31.133012918010177	31.151264423759407	18.85786132911521	0.0
434.0	18.96766169154229	31.10331494700411	31.085739779364047	18.84328358208955	0.0
435.0	18.908102699998647	31.03511215066993	31.082433108446118	18.974352040885307	0.0
436.0	18.840589507842076	31.00054083288264	31.05868036776636	19.100189291508922	0.0
437.0	19.14887864491098	31.018750084490286	30.859908344936667	18.972462925662064	0.0
438.0	19.05923863083329	30.946168820634835	30.985372843778723	19.00921970475315	0.0
439.0	18.914041218577424	31.096435789459452	30.958544844974078	19.030978146989046	0.0
440.0	18.91449814126394	31.142953700574516	30.93409935789118	19.00844880027036	0.0
441.0	18.876954379228998	30.873277138241278	31.170025078242762	19.079743404286962	0.0
442.0	18.959223405981287	30.862311394732572	31.054296684873723	19.124168514412418	0.0
443.0	18.96411864910905	31.06562474650515	30.86891274369305	19.10134386069275	0.0
444.0	18.775347428756827	31.16246687935976	31.004298923917155	19.057886767966256	0.0
445.0	18.857417056966945	31.26997965707643	30.95030514385353	18.922298142103095	0.0
446.0	18.8258753548736	31.074084088143845	31.007165066919022	19.09287549006354	0.0
447.0	18.949958428249865	30.86246172357152	31.109864334142234	19.07771551403638	0.0
448.0	19.001750721581192	31.016838021076254	30.895166250954787	19.086245006387767	0.0
449.0	18.7948679816675	31.02329417172523	31.33356767206998	18.848270174537294	0.0
450.0	18.953338245334162	30.788781711133794	31.30792161528218	18.949958428249865	0.0
451.0	18.807919266203875	30.980850733052595	31.075481773385693	19.135748227357833	0.0
452.0	18.931195544169636	31.236100878052735	30.8650069960322	18.967696581745425	0.0
453.0	19.05798227887455	30.89369352320575	31.079555822896882	18.968768375022808	0.0
454.0	18.726047489337542	31.19926461145395	31.05732380752827	19.017364091680243	0.0
455.0	18.87061559156139	30.915444879308364	31.17906704790488	19.03487248122537	0.0
456.0	18.99740428293316	31.04856154012546	30.95527795803591	18.99875621890547	0.0
457.0	18.797185592722013	31.034855663622906	31.21464248781708	18.953316255838	0.0
458.0	18.846702401633085	31.04075273250823	31.082661331206356	19.029883534652328	0.0
459.0	18.873650699236887	30.940809884620847	30.995559220531675	19.18998019561059	0.0
460.0	18.846320229275943	31.019845346888015	31.128670307683986	19.005164116152056	0.0
461.0	18.713375193473603	31.115286611288724	31.16733016566072	19.004008029576962	0.0
462.0	18.857378445234456	30.829694913421374	31.140593952337824	19.17233268900634	0.0
463.0	18.762842002811723	30.976938466529685	31.15199524170001	19.10822428895858	0.0
464.0	18.79896443804541	31.151352922488325	31.162844145222017	18.886838494244248	0.0
465.0	19.182674759709624	30.843010287537343	30.809890095034675	19.164424857718355	0.0
466.0	18.585207264567323	31.02040540449203	31.377280315780226	19.017107015160427	0.0
467.0	18.68291561900127	31.069700164922807	31.04469137805175	19.20269283802417	0.0
468.0	18.922919891575468	30.992246699608618	31.124735529313153	18.96009787950276	0.0
469.0	18.905106034896534	31.067514855701955	31.03033334910731	18.997045760294206	0.0
470.0	18.913747523714868	30.775575884194375	31.13932780268149	19.171348789409276	0.0
471.0	19.026273443944127	31.030519383933036	30.981163712087405	18.962043460035428	0.0
472.0	18.795853646992	31.121990141254592	31.013124708396163	19.069031503357248	0.0
473.0	18.93096220163635	31.04875245114612	31.16235039556427	18.857934951653256	0.0
474.0	18.746154418277587	31.07838563324476	31.23660385268126	18.9388560957964	0.0
