# Position (bp)	A	C	G	T	N
0.0	18.35973056617513	32.19097032586929	33.233205898416166	16.216093209539416	0.0
1.0	17.996049832877546	31.061987237921606	33.595411728957764	17.346551200243088	0.0
2.0	18.379141186748203	29.117666823466166	33.573012566359786	18.930179423425844	0.0
3.0	20.267502108687793	31.362212314736716	30.04578864923485	18.324496927340643	0.0
4.0	19.792996658607482	31.572084431284125	30.583249572138765	18.051669337969628	0.0
5.0	18.749383811495612	33.040027605245	29.907325248940154	18.303263334319233	0.0
6.0	18.456187591158983	31.574105239537754	31.482104790755077	18.48760237854819	0.0
7.0	19.15994926142641	31.169442284872538	30.899382135111914	18.77122631858914	0.0
8.0	18.857874230646164	31.688908129270267	30.448530934141427	19.00468670594214	0.0
9.0	18.5461600307617	31.336735763973856	31.223127206627748	18.893976998636695	0.0
10.0	18.86226071551597	31.76188835851254	30.646457687449765	18.729393238521727	0.0
11.0	18.911116974221283	31.260378998339363	30.790123073580304	19.038380953859047	0.0
12.0	18.98065222862049	31.67734963658165	30.540464524151407	18.801533610646455	0.0
13.0	19.071907903172953	31.599868921595164	30.88178722555459	18.44643594967729	0.0
14.0	18.737791961264406	31.868827202949184	30.714737681916972	18.67864315386943	0.0
15.0	18.55106476604483	31.640286426733162	31.00422706119238	18.80442174602963	0.0
16.0	18.650402283934596	31.49234362834155	31.236698676356085	18.620555411367764	0.0
17.0	18.976132563089084	31.455862977602106	30.747694334650856	18.82031012465795	0.0
18.0	19.10264031307277	31.543815326695395	30.751226036558183	18.60231832367365	0.0
19.0	19.099431680186527	31.253946665371352	31.001360081604894	18.645261572837228	0.0
20.0	18.9927010781414	31.021610533346056	31.077664345005246	18.9080240435073	0.0
21.0	18.988603320514024	31.351421067442082	31.130991464215363	18.528984147828535	0.0
22.0	18.98433079685461	31.233329099453826	30.747202752791473	19.035137350900083	0.0
23.0	18.99071595375064	31.382354616392323	30.88682576750014	18.740103662356894	0.0
24.0	19.070959618670745	31.085304433851963	31.201097220973107	18.64263872650418	0.0
25.0	19.115685577094077	31.270007113640407	31.16107949493153	18.453227814333985	0.0
26.0	18.76656439356449	31.26257794200125	31.188897320004838	18.781960344429415	0.0
27.0	18.94375782653672	31.400882016660315	30.746447432895955	18.908912723907008	0.0
28.0	18.793162983425415	31.079506215469614	31.31042817679558	18.816902624309392	0.0
29.0	18.908277787882355	31.419645436357218	31.211015652583264	18.461061123177164	0.0
30.0	18.932719050550944	31.33054499904461	30.97280312519904	18.76393282520541	0.0
31.0	18.754936756853535	31.439373992901604	31.10130488357153	18.704384366673338	0.0
32.0	18.8251657568342	31.327518771830746	31.114178745476984	18.733136725858067	0.0
33.0	18.86386771090845	31.072771464777617	31.287782786629826	18.77557803768411	0.0
34.0	18.635880391812805	31.31405922607681	31.318187917384886	18.731872464725495	0.0
35.0	18.844370589200725	31.23871655998687	31.025356967011327	18.891555883801082	0.0
36.0	18.806426931905126	31.33384340729406	31.006375924509054	18.853353736291762	0.0
37.0	18.829067372756693	31.670572480749914	30.896511144251352	18.60384900224204	0.0
38.0	18.444906528848872	31.55004643275326	31.187669075786328	18.81737796261154	0.0
39.0	19.002721129419324	31.234750128023613	31.151409263889306	18.61111947866775	0.0
40.0	18.911194827775724	31.232200493639645	31.213214353521927	18.643390325062704	0.0
41.0	19.047808487572976	31.066068604732116	31.038220931504668	18.84790197619024	0.0
42.0	18.99481167570993	31.574517802685254	30.85864786724227	18.57202265436255	0.0
43.0	18.730412157767134	31.49232255139653	30.96603788461159	18.811227406224745	0.0
44.0	18.788705577528926	31.360964167590854	31.18037903249551	18.669951222384707	0.0
45.0	18.970404253655484	31.037414965986393	31.104855735397607	18.887325044960512	0.0
46.0	18.859345944525035	31.713609767020728	30.91040082560143	18.5166434628528	0.0
47.0	18.770801191550472	31.382994207201698	31.032709418876564	18.813495182371263	0.0
48.0	18.770608313913574	31.594418712590773	30.884670798804837	18.750302174690813	0.0
49.0	18.844601169658258	31.324488635816206	31.02292106251987	18.807989132005666	0.0
50.0	18.75516122217741	31.060475120508535	31.278446736187128	18.905916921126924	0.0
51.0	18.742642766224197	31.52389246714965	30.91234484012671	18.821119926499442	0.0
52.0	18.808385576198248	31.23407666103684	31.090945524289353	18.866592238475558	0.0
53.0	18.823249619482496	31.273782343987822	31.300418569254184	18.602549467275495	0.0
54.0	18.775192769141764	31.25373445754337	31.156994224038996	18.81407854927587	0.0
55.0	18.940318415302094	31.511384813311764	31.177455515509266	18.370841255876872	0.0
56.0	18.96681820754183	31.3538699515195	31.28218671596461	18.39712512497406	0.0
57.0	19.097476999492013	31.402043235310718	30.835732159319672	18.664747605877594	0.0
58.0	19.088597141543342	31.36888730398551	31.014160903144678	18.52835465132647	0.0
59.0	18.940450668888495	31.488780085939766	30.93457156498376	18.636197680187983	0.0
60.0	18.721038863976084	31.359304932735427	31.14630044843049	18.773355754858	0.0
61.0	18.8241433616938	31.225712661566128	31.156752928458936	18.793391048281133	0.0
62.0	18.87645046117227	31.316944361797084	31.2425617375781	18.564043439452544	0.0
63.0	18.885075595955847	31.32919024209257	31.131620443372597	18.654113718578984	0.0
64.0	18.81633370654477	31.341432946859012	30.952799548445004	18.889433798151213	0.0
65.0	18.89615427241494	31.49636115113229	30.88773135320847	18.7197532232443	0.0
66.0	19.008515815085158	31.103000811030007	30.941716434417167	18.94676693946767	0.0
67.0	18.83812694879554	31.137498735294926	31.09610838752403	18.9282659283855	0.0
68.0	18.683376945324333	31.407978698985445	30.81026488546114	19.098379470229077	0.0
69.0	18.64986251145738	31.34647112740605	31.252062328139324	18.75160403299725	0.0
70.0	18.8656296011779	31.355226938096152	31.008623922009747	18.770519538716197	0.0
71.0	18.9816801000429	31.525380409482167	30.859036265551833	18.633903224923095	0.0
72.0	18.790380637342007	31.488012247464393	31.169067862252476	18.552539252941123	0.0
73.0	18.84630077677321	31.627585454148548	30.962689418056794	18.56342435102145	0.0
74.0	18.744608791188835	31.465591602880156	31.051546766182707	18.738252839748306	0.0
75.0	18.527382668371	31.393293263346838	31.434995059243747	18.64432900903841	0.0
76.0	18.91322052302959	31.544656592163605	30.991765451090398	18.550357433716407	0.0
77.0	18.609861419769818	31.39736571087864	31.39284875422336	18.599924115128193	0.0
78.0	18.938402822264127	31.410320031037685	31.12520639159817	18.526070755100015	0.0
79.0	18.775730822935905	31.392279627043827	31.299491013918292	18.532498536101976	0.0
80.0	18.893636159208455	31.40274342253204	31.223746345851133	18.479874072408364	0.0
81.0	18.812992939401017	31.38373367348772	31.24090476276028	18.56236862435098	0.0
82.0	18.6867690320729	31.501578531965276	31.19932553634211	18.612326899619717	0.0
83.0	18.996990433879116	31.627315395363837	31.17767188563649	18.19802228512056	0.0
84.0	18.94196272802913	31.24189204906373	31.16763440186807	18.64851082103907	0.0
85.0	18.89061634410908	31.51861184081202	30.93693597097875	18.653835844100144	0.0
86.0	18.765172069113238	31.325860345566188	31.208946165928886	18.70002141939169	0.0
87.0	18.86898395721925	31.473262032085564	31.05793226381462	18.599821746880572	0.0
88.0	18.889452558317537	31.269413220124783	31.183082797105705	18.65805142445198	0.0
89.0	18.912168108160962	31.29716708592965	31.047387087885227	18.74327771802416	0.0
90.0	18.69466767304533	31.798605869555562	31.164587310749013	18.34213914665009	0.0
91.0	19.015820651981127	31.323826753219112	31.08438863467064	18.57596396012912	0.0
92.0	18.551386969922415	31.610691890742903	30.88266553300032	18.95525560633436	0.0
93.0	18.8463239847828	31.378395116340798	31.25541891533221	18.519861983544192	0.0
94.0	18.60421951370414	31.543825845626255	31.33435271033489	18.517601930334713	0.0
95.0	19.078436219805056	31.52104817064557	30.778535103828226	18.621980505721147	0.0
96.0	18.602928859226083	31.51477213616286	31.1250804510549	18.757218553556157	0.0
97.0	18.57847454641536	31.456755328518582	31.115025541659325	18.84974458340673	0.0
98.0	18.76358325047734	31.64424422134429	31.02656377858532	18.56560874959305	0.0
99.0	18.744065829728875	31.59000597812709	30.985160178640502	18.680768013503535	0.0
100.0	18.674524200560334	31.350506319108383	31.246871185041407	18.728098295289872	0.0
101.0	18.458015669003274	31.412579068808505	31.25553810655975	18.87386715562847	0.0
102.0	18.929081681844874	31.19669731525388	31.16777252846462	18.706448474436623	0.0
103.0	18.538208889862055	31.690825487190715	31.195971097000218	18.574994525947012	0.0
104.0	18.73003649219837	31.462925851703403	31.030620192349765	18.77641746374846	0.0
105.0	18.679550522495735	31.222071619080932	31.37772725285296	18.720650605570373	0.0
106.0	18.69796535245966	31.578533551154482	30.910218665641626	18.813282430744234	0.0
107.0	18.599333182048284	31.60577443399026	31.11438895386388	18.680503430097577	0.0
108.0	18.86932328597469	31.432010256678616	31.118902465614834	18.579763991731863	0.0
109.0	18.69836511311744	31.52908983163105	31.005333426290655	18.767211628960855	0.0
110.0	18.833905033866728	31.07293970155491	31.428148560881752	18.66500670369661	0.0
111.0	18.923973556019487	31.368302018093253	31.049060542797495	18.658663883089773	0.0
112.0	18.713546872962752	31.64413924985875	31.120865748185494	18.521448128993004	0.0
113.0	18.62785971129293	31.468549689926522	31.133288168568797	18.770302430211753	0.0
114.0	18.75585713789872	31.349137482211653	31.345666585679083	18.549338794210545	0.0
115.0	18.810327034316487	31.158018888378187	31.447675376596795	18.58397870070853	0.0
116.0	18.672756582482535	31.68518486419025	30.990102442322026	18.651956111005184	0.0
117.0	18.61147920076909	31.75531131724132	30.957639376066375	18.67557010592321	0.0
118.0	18.92925761168712	31.377113876724422	31.062087826493347	18.631540685095114	0.0
119.0	18.63503895811894	31.65595786815639	31.208869133581814	18.50013404014286	0.0
120.0	18.91555540191342	31.495389295560415	31.06932045044033	18.519734852085836	0.0
121.0	18.53393915311922	31.446193182799785	31.49715806022494	18.522709603856054	0.0
122.0	18.6741476046612	31.372464393612432	31.315494173500213	18.637893828226154	0.0
123.0	18.587742146935536	31.71240792810198	31.113832778458196	18.586017146504286	0.0
124.0	18.725436116665517	31.221988554092256	31.434875542991104	18.617699786251123	0.0
125.0	18.67140937747614	31.542184862369517	31.174423812312675	18.611981947841667	0.0
126.0	18.733536490883733	31.40333660451423	31.21739579567171	18.645731108930324	0.0
127.0	18.58158103038855	31.446811439584266	31.369377430567507	18.602230099459682	0.0
128.0	18.655683293636123	31.533057602517694	31.243282285871523	18.567976817974667	0.0
129.0	18.69956428700338	31.459853387303305	31.00007734550236	18.840504980190957	0.0
130.0	18.688538669644007	31.71640829647443	31.14870958045261	18.446343453428952	0.0
131.0	18.79061542291547	31.43987844345818	31.106799783670564	18.66270634995579	0.0
132.0	18.54429076432028	31.26179771424649	31.661632975254832	18.5322785461784	0.0
133.0	18.928004802538485	31.549247459371383	30.805711590412077	18.71703614767806	0.0
134.0	18.66830100374583	31.33641343013638	31.38270059916169	18.612584966956106	0.0
135.0	18.838667671852512	31.433760537317525	31.105647316839146	18.621924473990816	0.0
136.0	18.665662031646	31.33690663744092	31.51756969655456	18.479861634358517	0.0
137.0	18.88158570401561	31.507822395672864	31.005443154975865	18.60514874533566	0.0
138.0	18.807959483968105	31.4649419977415	31.06628340690552	18.660815111384867	0.0
139.0	18.449856341496783	31.485155288001092	31.418456697222602	18.64653167327952	0.0
140.0	18.752884467463208	31.52316975197853	31.242842247406116	18.481103533152147	0.0
141.0	18.70770965757638	31.46914086528604	31.143633381176954	18.679516095960633	0.0
142.0	18.58184861891666	31.611178490288854	31.412172665311488	18.394800225482996	0.0
143.0	18.604293823893464	31.61466558538563	31.161381194246445	18.619659396474457	0.0
144.0	18.9144456199024	31.41999112718834	31.049721871480735	18.61584138142852	0.0
145.0	18.78293344247199	31.558977507204855	31.127538752749786	18.53055029757337	0.0
146.0	18.641337696870526	31.647576191450195	31.28281175427831	18.428274357400966	0.0
147.0	18.75266215732711	31.416012130918507	31.40919700816111	18.422128703593273	0.0
148.0	19.042104815019798	31.271659074460384	31.21886840648814	18.467367704031673	0.0
149.0	18.81457776567314	31.347983726828605	31.24159531550547	18.595843191992785	0.0
150.0	18.76877260157413	31.367794086364604	31.183152520740272	18.680280791320996	0.0
151.0	18.58277627528023	31.343232807742684	31.419775135650013	18.654215781327075	0.0
152.0	18.580730716265155	31.43202026556045	31.314711232764925	18.672537785409478	0.0
153.0	18.829177110327542	31.435490037809593	31.15340498746761	18.581927864395258	0.0
154.0	18.59665214400367	31.728196896736222	30.96299693410448	18.71215402515563	0.0
155.0	18.730209933870405	31.15561252642213	31.386514316759907	18.727663222947562	0.0
156.0	18.730748669908102	31.604850274503814	31.025295080993477	18.639105974594607	0.0
157.0	18.782177965886053	31.526984961704507	31.017226609216365	18.67361046319307	0.0
158.0	18.661885263273906	31.6208448841527	31.16135540917453	18.555914443398866	0.0
159.0	18.738347852615163	31.52774482220942	31.1430121012847	18.590895223890715	0.0
160.0	18.906943644311905	31.46158799010471	30.992239655698263	18.63922870988512	0.0
161.0	18.750211713695336	31.628332373564582	30.92120863114393	18.700247281596152	0.0
162.0	18.70783140179637	31.43057895316058	31.210476859651052	18.651112785391994	0.0
163.0	18.683048179925876	31.620720583506795	31.216259667292817	18.479971569274507	0.0
164.0	18.756660746003554	31.470861879387634	31.014125010572613	18.758352364036202	0.0
165.0	18.77536525974026	31.5915854978355	30.932934253246753	18.70011498917749	0.0
166.0	18.49882945546437	31.51004470888515	31.34270332400842	18.648422511642057	0.0
167.0	18.744032379359005	31.736334676840137	30.86516768485893	18.654465258941926	0.0
168.0	18.634962199602988	31.101068547535583	31.742197068885414	18.521772183976008	0.0
169.0	18.51460901874683	31.509880087823007	31.341834149636888	18.633676743793277	0.0
170.0	18.857157328696005	31.602495378147715	30.960079014680186	18.580268278476098	0.0
171.0	18.680326416256676	31.290559414003493	31.521784993966197	18.507329175773634	0.0
172.0	18.71319869750806	31.36272376035498	31.35091360024295	18.57316394189401	0.0
173.0	18.781781536982535	31.347663661739034	31.25827479486942	18.612280006409012	0.0
174.0	18.631822971549	31.527081138040042	31.170495258166493	18.67060063224447	0.0
175.0	18.70591507040948	31.49844517667681	31.28018000556197	18.515459747351745	0.0
176.0	18.66143191736735	31.572783796990585	31.29391544644211	18.47186883919996	0.0
177.0	18.619301481425335	31.501553854316683	31.48555210254596	18.39359256171202	0.0
178.0	18.715532991504805	31.355611123740246	31.266365251361844	18.662490633393112	0.0
179.0	18.388986131681705	31.600915578295407	31.309748215968764	18.700350074054125	0.0
180.0	18.628952195056286	31.34496626226253	31.371889145030202	18.654192397650977	0.0
181.0	18.7862681445848	31.294467899012666	31.369316939431148	18.549947016971387	0.0
182.0	18.60099532600289	31.546958539291843	31.4410370220922	18.411009112613065	0.0
183.0	18.591909107716095	31.446747004151334	31.519017126338255	18.442326761794316	0.0
184.0	18.70810020666364	31.389350941747736	31.241494026916676	18.661054824671943	0.0
185.0	18.635256571764508	31.168220374569582	31.515075165868815	18.681447887797095	0.0
186.0	18.66346484857136	31.425956557149938	31.226962443009597	18.68361615126911	0.0
187.0	18.44250253930679	31.714053069413318	31.376598084397322	18.46684630688257	0.0
188.0	18.59836691534982	31.559822425122313	31.19309169946543	18.648718960062435	0.0
189.0	18.571991845705995	31.37557570825748	31.286650279779533	18.765782166256994	0.0
190.0	18.782343221867162	31.31201301696735	31.301948351491664	18.603695409673822	0.0
191.0	18.77290529264263	31.30466869616994	31.33905284256254	18.583373168624888	0.0
192.0	19.017515029051975	31.453269500037727	31.112862520856215	18.41635295005408	0.0
193.0	18.836655657451338	31.31507033044411	31.18178617533153	18.666487836773015	0.0
194.0	18.728314979634938	31.57925613047049	31.047082683830308	18.645346206064264	0.0
195.0	18.680885999597884	31.626566584009115	31.206856108839894	18.48569130755311	0.0
196.0	18.71508613830705	31.395884456579093	31.10107955544761	18.787949849666248	0.0
197.0	18.853152240355712	31.189971780980212	31.30385269169256	18.65302328697152	0.0
198.0	18.594761119436097	31.50192962922656	31.35877709224549	18.54453215909186	0.0
199.0	18.774949995397066	31.52591451932814	31.320874724870073	18.378260760404725	0.0
200.0	18.578718420612347	31.335954492220175	31.536724109084822	18.548602978082652	0.0
201.0	18.827671567397594	31.394784819442357	31.153093481860605	18.624450131299447	0.0
202.0	18.454192728367396	31.626082884570355	31.16617051878115	18.7535538682811	0.0
203.0	18.68025311588327	31.399577025637598	31.46895819575521	18.45121166272392	0.0
204.0	18.79753288648938	31.47826232303141	31.16987313420362	18.554331656275593	0.0
205.0	18.7879142365347	31.409281572218788	31.20957903708284	18.593225154163672	0.0
206.0	18.62458438455498	31.457285592554847	31.438071210171927	18.48005881271825	0.0
207.0	18.71371893923575	31.748590519941533	30.899979118813945	18.63771142200877	0.0
208.0	18.812939427846157	31.190400641293277	31.22129628083301	18.775363650027554	0.0
209.0	18.529185867895546	31.252087090095504	31.237060041407865	18.98166700060108	0.0
210.0	18.53981820761725	31.408849232515628	31.182652098792225	18.868680461074895	0.0
211.0	18.75119964615654	31.369390871840235	31.189130997187615	18.690278484815607	0.0
212.0	18.76955683686156	31.17829159817428	31.37271263236067	18.67943893260349	0.0
213.0	18.683729738297643	31.441823991190383	31.49021014607613	18.384236124435844	0.0
214.0	18.61450556783584	31.440130124702844	31.384243233098385	18.561121074362934	0.0
215.0	18.53504353337559	31.530840310905027	31.338192614337657	18.595923541381726	0.0
216.0	18.682042558868655	31.318791274764855	31.481388833299977	18.51777733306651	0.0
217.0	18.790430143381126	31.728909636545517	31.082027342447482	18.398632877625875	0.0
218.0	18.48154012834403	31.71014251187599	31.186765563796982	18.621551795983	0.0
219.0	18.92060793920608	31.387694563876945	31.082725060827247	18.608972436089726	0.0
220.0	18.69106720421151	31.485522940059308	31.09402592210042	18.72938393362876	0.0
221.0	18.537393722884243	31.368924196624114	31.249011133594813	18.844670946896834	0.0
222.0	18.503101194688423	31.346626149939645	31.44902801481913	18.7012446405528	0.0
223.0	18.571702086923224	31.596034263167095	31.06327364749561	18.76899000241407	0.0
224.0	18.759155679850846	31.54464642429085	31.39149687042216	18.30470102543614	0.0
225.0	18.82004476208701	31.434134003377956	31.079698147115842	18.66612308741919	0.0
226.0	18.87357450029529	31.054474675805395	31.253275218139926	18.818675605759395	0.0
227.0	18.812424633040877	31.300261965154476	31.235394403093686	18.651918998710965	0.0
228.0	18.880287370180355	31.25067560263755	31.109318743088068	18.759718284094028	0.0
229.0	18.83432675761279	31.358954535252014	31.092101653490285	18.71461705364491	0.0
230.0	18.80247385658947	31.397861976092706	31.24241467023558	18.557249497082246	0.0
231.0	18.562570649644258	31.572079260589135	31.237116829576433	18.62823326019017	0.0
232.0	18.71255619167906	31.414991649147883	31.309463468137967	18.56298869103509	0.0
233.0	18.72409008964102	31.296263988236174	31.334479807923966	18.645166114198837	0.0
234.0	18.76484757870255	31.490987623556776	31.323199601295787	18.42096519644489	0.0
235.0	18.676865070466985	31.15413043658802	31.450614977036984	18.718389515908015	0.0
236.0	18.80823078072841	31.754770564496038	30.970886685599456	18.46611196917609	0.0
237.0	18.576481137088205	31.429330499468648	31.304795430393202	18.689392933049948	0.0
238.0	18.5494180737494	31.496239478009663	31.365077783865452	18.589264664375488	0.0
239.0	18.549565101918862	31.49525263926698	31.32096142354425	18.6342208352699	0.0
240.0	18.903668544780146	31.401282870443364	31.28096190389259	18.414086680883905	0.0
241.0	18.628150458776485	31.271466259602782	31.348620352088137	18.751762929532596	0.0
242.0	18.924030159006644	31.477841092890735	31.14688829721054	18.45124045089208	0.0
243.0	18.760056398772498	31.149539686489174	31.28390146802687	18.806502446711455	0.0
244.0	18.63940162860507	31.7445312370433	30.996566993382757	18.61950014096887	0.0
245.0	18.582030764127865	31.449894274223638	31.408433185455447	18.559641776193043	0.0
246.0	18.559974794584154	31.497649429147078	31.292026299861536	18.650349476407232	0.0
247.0	18.595126965835703	31.31243626837336	31.463319599081434	18.6291171667095	0.0
248.0	18.725079786131722	31.38309777427778	31.277821527748994	18.614000911841504	0.0
249.0	18.649224468817096	31.396785131023737	31.40424614721414	18.54974425294503	0.0
250.0	18.56920246008985	31.273312003713343	31.480529814498613	18.676955721698192	0.0
251.0	18.713639301874597	31.781114812789017	30.89271211443157	18.61253377090481	0.0
252.0	18.706752960479974	31.282888467179898	31.427908479941664	18.582450092398464	0.0
253.0	18.781746919564803	31.453998558182317	31.110945384940464	18.65330913731242	0.0
254.0	18.78319372291682	31.46412799416702	31.156736513302345	18.595941769613813	0.0
255.0	18.68766360714404	31.19884688028099	31.33138937671891	18.78210013585606	0.0
256.0	18.834493041749504	31.338634857521537	31.385023194168323	18.441848906560637	0.0
257.0	18.897429101510735	31.340279618340844	31.27319109461967	18.489100185528756	0.0
258.0	18.739699707658033	31.301294420657726	31.506679144340737	18.4523267273435	0.0
259.0	18.794041418599452	31.51688789155978	31.10866379060505	18.58040689923572	0.0
260.0	18.89007559010788	31.298278731278405	31.210518036478646	18.60112764213507	0.0
261.0	18.622881882072466	31.747555938180344	31.06297029047292	18.56659188927427	0.0
262.0	18.54751932723029	31.49966063535683	31.279487476616946	18.673332560795934	0.0
263.0	18.852669298310946	31.441528670854126	31.102228622028022	18.603573408806906	0.0
264.0	18.6828101594763	31.38463830245049	31.289465626112072	18.643085911961137	0.0
265.0	18.49574658237066	31.600244943894605	31.416537022938662	18.48747145079607	0.0
266.0	18.650350402528524	31.359992056991086	31.464244048948792	18.525413491531594	0.0
267.0	18.504852280530482	31.557611006775822	31.42441114907629	18.51312556361741	0.0
268.0	18.87724290831479	31.497919441434135	31.20755122806727	18.4172864221838	0.0
269.0	18.632810884578802	31.379182002398576	31.445349654687565	18.542657458335057	0.0
270.0	18.59670883982469	31.36277185148433	31.387579591499215	18.652939717191764	0.0
271.0	18.671451250165365	31.50466331525334	31.24751951316312	18.576365921418176	0.0
272.0	18.598652391385226	31.590260840808565	31.13719978504402	18.673886982762184	0.0
273.0	18.56450786197318	31.64134190902928	31.287511780559186	18.506638448438352	0.0
274.0	18.747830399206546	31.475328539548723	31.299280932308456	18.477560128936275	0.0
275.0	18.71379820364724	31.55185377986003	31.05773282764433	18.6766151888484	0.0
276.0	18.723509728590905	31.37604825050605	31.279381996943034	18.621060023960013	0.0
277.0	18.776123841464422	31.379999669579874	31.354392109567314	18.489484379388394	0.0
278.0	18.5932221588985	31.48648313799341	31.26264753739541	18.65764716571268	0.0
279.0	18.45669733560184	31.43180429144849	31.54990997538777	18.561588397561902	0.0
280.0	18.795831406487416	31.302437735350463	31.319779348615974	18.581951509546148	0.0
281.0	18.765326089648852	31.7015778131889	30.924643113683466	18.608452983478784	0.0
282.0	18.758513650735992	31.482138876734723	31.298037629304293	18.461309843224992	0.0
283.0	18.782710627548745	31.535108718981657	31.138866416813883	18.543314236655714	0.0
284.0	18.661570718660744	31.368971950273234	31.33925475887801	18.63020257218801	0.0
285.0	18.82727767964739	31.66300741205408	30.902817901183617	18.606897007114913	0.0
286.0	18.704091906970604	31.662347523232594	30.910486440090455	18.723074129706355	0.0
287.0	18.68124613162781	31.517227150814936	31.25149577057974	18.55003094697751	0.0
288.0	18.7529912696186	31.190071460399714	31.370785404254615	18.686151865727062	0.0
289.0	18.66006600660066	31.494224422442247	31.205445544554454	18.64026402640264	0.0
290.0	18.847467696420615	31.503209729854614	30.863739128999786	18.78558344472499	0.0
291.0	18.806098204857445	31.368796198521647	31.27969904963041	18.545406546990495	0.0
292.0	18.68529807224344	31.470192775655992	31.438022255400938	18.406486896699633	0.0
293.0	18.6031934547374	31.3687648456057	31.282990234890473	18.74505146476643	0.0
294.0	18.625211331491485	31.35293389963301	31.354583316151913	18.6672714527236	0.0
295.0	18.831795353900198	31.265101473656433	31.280769896835803	18.622333275607563	0.0
296.0	18.63203463203463	31.53329210472068	31.206761492475778	18.62791177076891	0.0
297.0	18.589368316031628	31.575952967949934	31.145540448057783	18.689138267960654	0.0
298.0	18.70764563306897	31.54792329634454	31.07883064848555	18.66560042210094	0.0
299.0	18.630109884674674	31.50302121029767	31.295287241672092	18.571581663355563	0.0
300.0	18.63861916615836	31.40671623337015	31.2311445951961	18.723520005275393	0.0
301.0	18.749587921144588	31.6295246258324	31.050965912837082	18.56992154018593	0.0
302.0	18.67691775234234	31.557522269741995	31.332558733611858	18.433001244303806	0.0
303.0	18.66718307073637	31.37978772496539	31.469609071131917	18.483420133166327	0.0
304.0	18.769106535156023	31.263441524732404	31.367265715768916	18.60018622434265	0.0
305.0	18.7153484310511	31.584930841029106	31.156548889090264	18.54317183882953	0.0
306.0	18.88628032456032	31.5194200749619	31.18167964084188	18.412619959635897	0.0
307.0	18.67901061700533	31.441655890419984	31.34693474124653	18.532398751328156	0.0
308.0	18.726372748461912	31.642191785334838	31.182618578946936	18.448816887256314	0.0
309.0	18.67885676632897	31.33432171979244	31.403508771929822	18.583312741948767	0.0
310.0	18.775789222267065	31.241094739616365	31.281451526557234	18.701664511559336	0.0
311.0	18.5914541740792	31.527969954536474	31.18452263293141	18.696053238452922	0.0
312.0	18.625392198038394	31.435959516103797	31.249845591323467	18.688802694534346	0.0
313.0	18.608730021491564	31.505315250776082	31.147945949951826	18.738008777780525	0.0
314.0	18.644919064007773	31.462117344838376	31.30238608856028	18.590577502593575	0.0
315.0	18.70950212832525	31.383946581917883	30.995331681171113	18.911219608585757	0.0
316.0	18.524067869168263	31.83034354444344	31.131399781014085	18.51418880537421	0.0
317.0	18.530927410724576	31.488829253033472	31.493768418972984	18.48647491726897	0.0
318.0	18.70755858458651	31.47064391601024	31.31507683696735	18.5067206624359	0.0
319.0	18.926525775232076	31.409243531503062	31.292382645335444	18.371848047929422	0.0
320.0	18.784716793258667	31.483142553839315	31.2387363292983	18.493404323603716	0.0
321.0	18.764863196873073	31.53918946718782	31.15243777000617	18.543509565932936	0.0
322.0	18.785535031061013	31.36298185707821	31.19101493396964	18.660468177891143	0.0
323.0	18.752571043061884	31.457226070788014	31.103450545472494	18.686752340677604	0.0
324.0	18.935149765130763	31.18290184851551	31.203468331729145	18.67848005462458	0.0
325.0	18.144202689918973	31.74433430674948	31.266400690988362	18.84506231234319	0.0
326.0	18.514436127334047	31.32927531463354	31.378629596117463	18.777658961914945	0.0
327.0	18.611766834732972	31.36396910650688	31.418254797292295	18.60600926146785	0.0
328.0	18.8157494304115	31.41414224496007	31.23072241094268	18.539385913685752	0.0
329.0	18.701219662639502	31.49986429916688	30.976799269682786	18.822116768510828	0.0
330.0	18.91058328124486	31.262953580945492	31.293384215547587	18.533078922262064	0.0
331.0	18.738949151706045	31.57561452996373	31.28284414911552	18.402592169214703	0.0
332.0	18.55208084927925	31.595523357646226	31.199993421539524	18.652402371535	0.0
333.0	18.66782874668026	31.277493196076335	31.475649764432127	18.579028292811277	0.0
334.0	18.686125385405962	31.811716341212744	31.167934224049333	18.33422404933196	0.0
335.0	18.721892907352444	31.368954148956284	31.2579645326515	18.65118841103977	0.0
336.0	18.879635643173653	31.382204720525493	31.36740683497891	18.37075280132194	0.0
337.0	18.67565456862181	31.577952238069795	31.210489539233016	18.535903654075383	0.0
338.0	18.79366749412287	31.221128080356408	31.261404921994444	18.72379950352628	0.0
339.0	18.729143721335458	31.638255552085216	31.071951079183997	18.560649647395326	0.0
340.0	18.489052534683413	31.600532579393782	31.440265632191466	18.470149253731343	0.0
341.0	18.6988395410763	31.346362470824157	31.315953844636574	18.63884414346297	0.0
342.0	18.737980571672775	31.541445454396026	31.02204178240931	18.698532191521885	0.0
343.0	18.687233937640734	31.416314656235105	31.22976282441117	18.66668858171299	0.0
344.0	18.920829018950414	31.373370806830696	31.108755321072266	18.597044853146624	0.0
345.0	18.597102497308757	31.423030462400668	31.28168886770591	18.69817817258466	0.0
346.0	18.388310898542148	31.62319412257778	31.361865785710762	18.626629193169304	0.0
347.0	18.75364629125958	31.672404867747478	31.052843490907893	18.521105350085048	0.0
348.0	18.93899552984486	31.510485143307914	31.016631606626348	18.53388772022088	0.0
349.0	18.8181541773837	31.167465137109563	31.424673969315727	18.58970671619101	0.0
350.0	18.668649750197215	31.775900604785694	31.08483434130949	18.4706153037076	0.0
351.0	18.84085362346232	31.632057719014238	31.162844206322465	18.364244451200975	0.0
352.0	18.712508422765296	31.6161848571006	31.248870116850462	18.422436603283646	0.0
353.0	18.5036070530623	31.61142425188569	31.27865511971472	18.60631357533729	0.0
354.0	18.60216732255971	31.426998693691104	31.39249242094366	18.578341562805527	0.0
355.0	18.807708737226037	31.455985279137778	31.089606676962507	18.646699306673675	0.0
356.0	18.744198654498557	31.522355202523432	31.00239035970396	18.73105578327405	0.0
357.0	18.65062417871222	31.530059132720105	31.098061760841	18.721254927726676	0.0
358.0	18.72474623041293	31.71462829736211	31.097040176078316	18.463585296146647	0.0
359.0	18.758160810045084	31.563344310221648	31.20365275804584	18.47484212168743	0.0
360.0	18.58545878565915	31.550033667821776	31.311895416249243	18.552612130269836	0.0
361.0	18.641256599528695	31.59234413616993	31.233526837399104	18.532872426902266	0.0
362.0	18.860938244035403	31.38290011658265	31.07420239404936	18.68195924533259	0.0
363.0	18.6591793507709	31.575620248592024	31.11094691558708	18.65425348505	0.0
364.0	18.78838133394634	31.560539883747662	31.191914879642706	18.459163902663295	0.0
365.0	18.68257278444638	31.60807238214092	31.05469712146341	18.654657711949294	0.0
366.0	18.61709988341735	31.505229799182278	31.157944861332325	18.719725456068044	0.0
367.0	18.759646645430365	31.540836097336705	31.213260648254572	18.48625660897836	0.0
368.0	18.758568602178784	31.4487197379547	31.195048066266594	18.597663593599922	0.0
369.0	18.537186012149075	31.75012313249056	31.042521753406664	18.6701691019537	0.0
370.0	18.687515390297957	31.48321431502914	31.323155216284988	18.506115078387918	0.0
371.0	18.70716753802086	31.62974696530724	31.015011367273743	18.64807412939815	0.0
372.0	18.58180475193894	31.63937789814929	31.105092535598505	18.673724814313267	0.0
373.0	18.504353820775236	31.75950167012729	31.201424737580734	18.534719771516738	0.0
374.0	18.618601368761386	31.49382087935534	31.16147773711247	18.726100014770804	0.0
375.0	18.532102564102566	31.405128205128207	31.417435897435897	18.645333333333333	0.0
376.0	18.63708711418867	31.723905944899332	31.31778875342533	18.321218187486668	0.0
377.0	18.739387575978803	31.516951168494533	31.19129842751561	18.552362828011056	0.0
378.0	18.81756590495251	31.496579668301646	31.070063485293392	18.615790941452453	0.0
379.0	18.631125692023783	31.572688127947508	31.299569407422595	18.49661677260611	0.0
380.0	18.690898951046083	31.737622097743806	30.992118493246178	18.57936045796393	0.0
381.0	18.511137355247186	31.78328904635371	31.327297182035892	18.378276416363217	0.0
382.0	18.58573267838252	31.321191048276653	31.455680112839605	18.63739616050122	0.0
383.0	18.67871462892659	31.555384274785375	31.29873643989275	18.467164656395287	0.0
384.0	18.813033995309862	31.555125535020252	31.10661047245773	18.525229997212158	0.0
385.0	18.45274696444237	31.490272277836535	31.3041624648482	18.752818292872895	0.0
386.0	18.75655909746819	31.583694083694088	30.959759937032665	18.699986881805064	0.0
387.0	18.71290375471389	31.259222823413673	31.409247417609443	18.618626004262996	0.0
388.0	18.439844230375076	31.69829883172781	31.37118261938922	18.490674318507892	0.0
389.0	18.687444155716403	31.602331319523568	31.183447959275686	18.52677656548434	0.0
390.0	18.749743833561492	31.495766081104343	31.190005820101486	18.564484265232682	0.0
391.0	18.65696111220408	31.665191160076073	31.15942028985507	18.51842743786478	0.0
392.0	18.708403003180223	31.94895249336087	30.76702403199895	18.575620471459953	0.0
393.0	18.520339997213135	31.685805854050376	31.27105515528561	18.522798993450873	0.0
394.0	18.769006303330354	31.565832506823828	31.330584676923586	18.334576512922236	0.0
395.0	18.812343756403425	31.468382443342485	31.01758124667022	18.70169255358387	0.0
396.0	18.813220322310933	31.515484368083673	31.10234929586701	18.56894601373838	0.0
397.0	18.755020738724856	31.41056117513976	31.26055379772776	18.573864288407627	0.0
398.0	18.4027607009951	31.711175593042505	31.22674142199052	18.659322283971868	0.0
399.0	18.628704432205613	31.522915027537373	31.19099134539732	18.657389194859693	0.0
400.0	18.812587068753587	31.493075473244286	31.154634106367286	18.53970335163484	0.0
401.0	18.60459398995321	31.49087511984856	31.343369199124798	18.561161691073433	0.0
402.0	18.51578697216281	31.852562053904336	31.234686268243316	18.396964705689538	0.0
403.0	18.944521838892076	31.116938457756287	31.288207817749736	18.6503318856019	0.0
404.0	18.45812198339793	31.62833004187392	31.365286438914065	18.548261535814085	0.0
405.0	18.76316199185493	31.2495390742152	31.43800650622352	18.54929242770635	0.0
406.0	18.563011644391274	31.4857456589611	31.416911818934224	18.534330877713405	0.0
407.0	18.70718195823909	31.39115612810175	31.28216474907398	18.619497164585177	0.0
408.0	18.809455528698432	31.626858945470932	31.194231635872015	18.369453889958624	0.0
409.0	18.714767960146826	31.381915312008392	31.019762716308335	18.883554011536443	0.0
410.0	18.780623699260936	31.231666748602986	31.487308064172524	18.500401487963554	0.0
411.0	18.739962636426206	31.40834453148045	31.255940480482447	18.595752351610894	0.0
412.0	18.66616409508436	31.709535476364113	31.144142446267175	18.48015798228435	0.0
413.0	18.829476927110644	31.23443235448348	31.2409871525957	18.69510356581017	0.0
414.0	18.66612044244162	31.580499795165917	31.173289635395328	18.58009012699713	0.0
415.0	18.732845567089708	31.534661171786027	31.11926785904484	18.613225402079426	0.0
416.0	18.5494970016712	31.553724153750366	31.336632041157387	18.560146803421045	0.0
417.0	18.86770813706777	31.526734441431625	31.24411203316103	18.361445388339572	0.0
418.0	18.58546973544107	31.595544270620035	31.428454418871326	18.390531575067573	0.0
419.0	18.699526594263435	31.40203449800973	31.353711075073303	18.54472783265353	0.0
420.0	18.499803446242545	31.680370831422394	31.40765249295682	18.412173229378233	0.0
421.0	18.586861266042572	31.70839578368019	31.10068224444499	18.604060705832246	0.0
422.0	18.636266850113834	31.551275121615646	31.268733723158565	18.54372430511195	0.0
423.0	18.61400247324068	31.576404301145715	31.15300515121983	18.65658807439377	0.0
424.0	18.56686594054541	31.57317173040701	31.442142330685446	18.417819998362134	0.0
425.0	18.769855566108802	31.514263256149082	31.228506861428617	18.487374316313495	0.0
426.0	18.742990003847822	31.521036128599146	31.174732085110563	18.561241782442465	0.0
427.0	18.728409816473206	31.449223162685612	31.360815965684914	18.461551055156267	0.0
428.0	18.603280620764167	31.610352617621057	31.21991945781357	18.566447303801198	0.0
429.0	18.73086807772267	31.475388367791258	31.26913192227733	18.524611632208746	0.0
430.0	18.73040816493563	31.358394513058496	31.26181648537825	18.64938083662763	0.0
431.0	18.53246147424933	31.51705117398172	31.335368398654566	18.615118953114386	0.0
432.0	18.661559740397916	31.407596552824767	31.247186689254995	18.68365701752232	0.0
433.0	18.507606818721204	31.816061476516662	31.235013462309624	18.441318242452514	0.0
434.0	18.63538538333756	31.468949207466263	31.270918062568022	18.62474734662815	0.0
435.0	18.695940361529587	31.406757608242025	31.16617431650614	18.73112771372225	0.0
436.0	18.84420876908725	31.38901163647076	31.19752540874945	18.56925418569254	0.0
437.0	18.641571194762683	31.71603927986907	30.99672667757774	18.645662847790508	0.0
438.0	18.58653311074012	31.43147075190677	31.338996366493177	18.64299977085993	0.0
439.0	18.754858718689395	31.38629984533931	31.394482950500397	18.464358485470896	0.0
440.0	18.698036006546644	31.738952536824875	30.942716857610474	18.620294599018003	0.0
441.0	18.710664800674376	31.450154271731034	31.016392905955627	18.822788021638964	0.0
442.0	18.747544847453188	31.587174283095454	31.259002226004977	18.40627864344638	0.0
443.0	18.51800327332242	31.770867430441896	31.20458265139116	18.50654664484452	0.0
444.0	18.681615450714023	31.507017472073322	31.18294529236057	18.62842178485208	0.0
445.0	18.524460013586623	31.475130750783688	31.345812291801373	18.654596943828317	0.0
446.0	18.563839800938016	31.774614685732526	31.061691208368465	18.599854304960996	0.0
447.0	18.858503924762427	31.21966391919655	31.45212117243581	18.469710983605214	0.0
448.0	18.608287084786273	31.376160306468247	31.302490054515985	18.71306255422949	0.0
449.0	18.628197258031513	31.63331287088193	31.274810722324535	18.463679148762022	0.0
450.0	18.736699079985595	31.452378613757652	31.2281046393609	18.582817666895853	0.0
451.0	18.768669236371966	31.692486476312066	31.233376707340028	18.30546757997594	0.0
452.0	18.849534347021947	31.471267001653107	31.181563742900632	18.49763490842431	0.0
453.0	18.77286155004378	31.39284632946818	31.36502377192049	18.469268348567546	0.0
454.0	18.537794908305305	31.465069272252638	31.2637582958944	18.733377523547656	0.0
455.0	18.598219545722326	31.466420108660074	31.184951233880998	18.750409111736595	0.0
456.0	18.665008427563862	31.4577230849793	31.413539740463765	18.463728746993077	0.0
457.0	18.843425541837462	31.401618353337753	31.23307397134745	18.521882133477334	0.0
458.0	18.72617197087458	31.473451689437944	31.47017917041643	18.330197169271045	0.0
459.0	19.050463069018555	31.421605524102496	31.172071865693624	18.355859541185325	0.0
460.0	18.848784318858602	31.433456592165975	31.28456428548055	18.433194803494878	0.0
461.0	18.758027175824804	31.336458307769078	31.262833255618	18.642681260788116	0.0
462.0	18.675654891437734	31.538688090056777	31.196721043244924	18.588935975260565	0.0
463.0	18.82807195504037	31.201786605368	31.185425750349715	18.78471568924192	0.0
464.0	18.65255304877051	31.60348804868871	31.131488964874105	18.612469937666674	0.0
465.0	18.64953083713054	31.277251940869938	31.603661679169498	18.46955554283003	0.0
466.0	18.81620600240489	31.528576453362344	31.053324717180224	18.60189282705254	0.0
467.0	18.627306635257167	31.52892291584871	31.102767962308597	18.741002486585526	0.0
468.0	18.792429372985882	31.41777494233695	31.378514992393384	18.411280692283785	0.0
469.0	18.539937016890924	31.669052390495278	31.279702261666188	18.51130833094761	0.0
470.0	18.644428266435447	31.49994683070077	31.398516167556913	18.457108735306868	0.0
471.0	18.640379581151834	31.60094895287958	31.299083769633505	18.459587696335078	0.0
472.0	18.705824607329845	31.64348821989529	31.27699607329843	18.37369109947644	0.0
473.0	18.669164505599685	31.381146769852503	31.449864609494515	18.499824115053297	0.0
474.0	18.515640337674235	31.74530462666056	31.17351613114325	18.565538904521954	0.0
