# Position (bp)	A	C	G	T	N
0.0	15.60744714420953	33.329125907226256	36.73082991479962	14.332597033764593	0.0
1.0	15.72413067494345	32.93176916197591	35.814614130148875	15.52948603293177	0.0
2.0	15.802869042110135	31.22165664044424	35.71031929662193	17.26515502082369	0.0
3.0	17.440699126092383	34.51518934665002	31.693716188098207	16.350395339159384	0.0
4.0	16.17624753526467	35.704535112998634	32.76581222508722	15.353405126649477	0.0
5.0	16.40840882857043	35.32127741439015	33.31001434118017	14.960299415859247	0.0
6.0	16.792117590050072	33.706994023582624	33.98481666935875	15.516071717008561	0.0
7.0	16.049161744525982	33.91802398424915	34.09701091820297	15.935803353021896	0.0
8.0	16.031057945566285	33.55190956979806	33.69732221246708	16.71971027216857	0.0
9.0	16.33130439156899	33.74415212032799	33.56557170883847	16.35897177926455	0.0
10.0	16.480245564262958	33.78834034834779	33.59998139664675	16.131432690742507	0.0
11.0	16.523902227990483	33.23599394332684	33.83733506381138	16.402768764871293	0.0
12.0	16.4267174953362	33.461756833482035	33.83283315759591	16.278692513585856	0.0
13.0	16.616982402154054	34.07443023367632	33.0647177613232	16.243869602846427	0.0
14.0	16.452480023566668	34.17903303015797	33.600913208380895	15.767573737894466	0.0
15.0	16.285014378528064	33.88362267902155	33.25167749494089	16.579685447509497	0.0
16.0	16.170805530714727	34.2539726215863	33.40097681777533	16.174245029923643	0.0
17.0	16.254754444463064	34.28059181313986	33.315460531827554	16.14919321056953	0.0
18.0	15.966812855927213	34.02664135628723	33.7042613078484	16.30228447993716	0.0
19.0	16.555888335442127	33.44651408619889	33.74761759853933	16.24997997981966	0.0
20.0	16.488835111648882	33.978660213397866	33.313952574759966	16.218552100193286	0.0
21.0	16.312341635251222	33.91014152400964	33.429639700883754	16.347877139855385	0.0
22.0	16.43444304316776	33.15606339173112	33.85349399054898	16.555999574552143	0.0
23.0	16.38710836877733	33.60390582879051	33.69226621937339	16.316719583058767	0.0
24.0	16.498152254249813	33.668883961566884	33.534368070953434	16.29859571322986	0.0
25.0	16.46623902275085	33.53449157619416	33.59001709601531	16.409252305039672	0.0
26.0	16.30684693803774	33.712674427011784	33.790759887209894	16.189718747740585	0.0
27.0	16.295490024776935	33.50758346103719	33.688039757672975	16.508886756512897	0.0
28.0	16.48456259501854	33.34706810076583	33.77758201787414	16.390787286341485	0.0
29.0	16.696014763266515	33.473734627467	33.52303942975474	16.30721117951174	0.0
30.0	16.425168024368773	33.65797085248788	33.67473835706401	16.24212276607934	0.0
31.0	16.415466178144168	33.52763205373748	33.74136064618203	16.315541121936324	0.0
32.0	16.46825396825397	33.36502425044092	33.93821649029982	16.22850529100529	0.0
33.0	16.449089738496735	33.53104751989699	33.677620854508845	16.342241887097437	0.0
34.0	16.44322733589471	33.42870377939454	33.65214311016649	16.475925774544265	0.0
35.0	16.442698455703063	33.42319154700623	33.600650230289894	16.533459767000814	0.0
36.0	16.288312563152576	33.58571909733917	33.7999326372516	16.326035702256654	0.0
37.0	16.600302993739025	33.337355374116825	33.62962367105069	16.43271796109346	0.0
38.0	16.601502555411734	33.22435580939164	33.728766063064626	16.445375572132	0.0
39.0	16.477634934126648	33.22487250318742	34.024383765405865	16.273108797280067	0.0
40.0	16.437504957825432	33.3483169835268	33.64843068299003	16.56574737565774	0.0
41.0	16.444649203633013	33.676451230748974	33.6066868500724	16.27221271554561	0.0
42.0	16.648531011969535	33.396698873841395	33.428163142231604	16.526606971957474	0.0
43.0	16.624875933761686	33.14396907485765	33.70161416705845	16.529540824322204	0.0
44.0	16.45149535386137	33.568026237018145	33.58364350972175	16.396834899398733	0.0
45.0	16.412411789124118	33.46824408468244	33.6148298048983	16.504514321295144	0.0
46.0	16.451358446160015	33.317815623747265	33.85317660446651	16.377649325626205	0.0
47.0	16.618331335472977	33.56147609656755	33.499606872639625	16.32058569531985	0.0
48.0	16.775669112261813	33.26223547098051	33.926529353566245	16.035566063191435	0.0
49.0	16.352942683973808	33.6963903589139	33.59516151766379	16.355505439448496	0.0
50.0	16.54959258218601	33.18475567702879	33.77097754731921	16.49467419346599	0.0
51.0	16.403194782365006	33.11593187521496	33.85093563303313	16.6299377093869	0.0
52.0	16.491152297353945	33.24779918954282	33.842303832522454	16.418744680580787	0.0
53.0	16.331699656801288	33.78291098362524	33.462507756797486	16.422881602775984	0.0
54.0	16.394043122939532	33.22007351362276	33.929947327868234	16.455936035569476	0.0
55.0	16.474603594413168	33.475648921298216	33.73886978753416	16.31087769675445	0.0
56.0	16.187163290678253	33.18556843440369	34.0759252050081	16.55134306990996	0.0
57.0	16.5508085021105	33.585089993612144	33.76420045341249	16.099901050864865	0.0
58.0	16.493222562308702	33.26628771316135	33.85720532200637	16.383284402523582	0.0
59.0	16.455349016967745	33.628804029372525	33.529067085561834	16.386779868097893	0.0
60.0	16.486099881833447	33.41750108837614	33.96479880589589	16.13160022389452	0.0
61.0	16.462498914001316	33.37553213935535	33.78510878603964	16.37686016060369	0.0
62.0	16.503448019710046	33.14555966869297	33.94039940077503	16.410592910821954	0.0
63.0	16.56805464629371	33.37697790184913	33.56596711834678	16.489000333510383	0.0
64.0	16.234374614758746	33.403190413964836	33.98505880322493	16.37737616805148	0.0
65.0	16.72223110706509	33.57363416044386	33.611770639831704	16.09236409265934	0.0
66.0	16.290893015030946	33.44385499557913	33.71156302190785	16.55368896748207	0.0
67.0	16.439716138204904	33.249580213018916	33.79131990832098	16.51938374045521	0.0
68.0	16.349954114408074	33.49892933618844	33.66656469868462	16.484551850718873	0.0
69.0	16.262456037514657	33.48598085189527	33.920720984759676	16.3308421258304	0.0
70.0	16.278247726774094	33.780258891787135	33.54379464176885	16.397698739669924	0.0
71.0	16.17668532489657	33.46434655633974	33.82331467510343	16.53565344366026	0.0
72.0	16.391490809247852	33.69658976321512	33.535007471662354	16.37691195587467	0.0
73.0	16.501346009264424	33.64780636868528	33.63810540101375	16.21274222103655	0.0
74.0	16.590799031476998	33.42493946731235	33.66222760290557	16.322033898305087	0.0
75.0	16.436816341330754	33.322052335770834	33.99045144134888	16.250679881549527	0.0
76.0	16.108824487923812	33.45966758802158	33.9654069451653	16.466100978889305	0.0
77.0	16.241911578642952	33.563484317198665	33.7153116678114	16.479292436346984	0.0
78.0	16.4181977884465	33.480128505937984	33.7869544814641	16.314719224151418	0.0
79.0	16.66546520569012	33.40181660899654	33.78388119953864	16.148836985774704	0.0
80.0	16.465873092061052	33.47532878947874	33.68892195449746	16.369876163962754	0.0
81.0	16.219519501527767	33.753519861002935	33.764304115990655	16.26265652147864	0.0
82.0	16.378732771822357	33.660748468606435	33.506412710566615	16.454106049004594	0.0
83.0	16.2648946468908	33.605430794421004	33.8611944401286	16.268480118559598	0.0
84.0	16.48329355608592	33.62529832935561	33.55250596658711	16.33890214797136	0.0
85.0	16.306031503943952	33.31625479589162	33.92869909205729	16.44901460810714	0.0
86.0	16.195473691725564	33.62961376454629	33.578448870802696	16.596463672925445	0.0
87.0	16.376298338601956	33.74610795522069	33.57497682599292	16.30261688018444	0.0
88.0	16.319699954898283	33.444109478481735	33.817978968357586	16.418211598262396	0.0
89.0	16.106738109915124	33.28393949452321	33.852956517615816	16.756365877945846	0.0
90.0	16.523612771851727	33.525518841677815	33.59181692258515	16.359051463885304	0.0
91.0	16.081864426830712	33.84478883236721	33.44374778185259	16.629598958949483	0.0
92.0	16.172751979203593	33.7173579109063	33.707904998227576	16.401985111662533	0.0
93.0	16.239094246957013	33.51711273508612	33.855943709195664	16.3878493087612	0.0
94.0	16.30946342844336	33.882211396690224	33.320751601222	16.48757357364442	0.0
95.0	16.42534842897704	33.33961663976626	33.852098820701926	16.382936110554777	0.0
96.0	16.372686301966276	33.366673334666935	33.89383759104762	16.36680277231917	0.0
97.0	16.31362407429176	33.53120959210062	33.67462090043494	16.48054543317268	0.0
98.0	16.215708380308154	33.6304490792935	33.76902480270575	16.384817737692597	0.0
99.0	16.152682142899035	33.39628617344485	34.05905054604746	16.391981137608653	0.0
100.0	16.215899503140527	33.73722696165745	33.41379956876347	16.63307396643855	0.0
101.0	16.12200690826064	33.652596452198345	33.87506586265442	16.350330776886597	0.0
102.0	16.24305514942394	33.51073162173226	33.81016433709574	16.436048891748058	0.0
103.0	16.16525101938288	33.65423934759495	33.7932726571719	16.387236975850264	0.0
104.0	16.139535969375846	33.81144671117128	33.810279632136684	16.238737687316185	0.0
105.0	16.32612600004665	33.24586569635901	34.233666876589	16.19434142700534	0.0
106.0	16.470492261793773	33.41879545030766	33.84999067685997	16.260721611038598	0.0
107.0	16.25337617584055	33.67095091738847	33.90029803483282	16.175374871938157	0.0
108.0	16.450085507870213	33.721511918750075	33.67381365101155	16.15458892236816	0.0
109.0	16.375852969554654	33.67471490182858	33.723539053508944	16.22589307510782	0.0
110.0	16.31467670360819	33.53895123254571	33.90952812434656	16.236843939499547	0.0
111.0	16.225346226623174	33.59762255783988	33.87042475883125	16.306606456705712	0.0
112.0	16.254334991938947	33.58038437895079	34.02925177169236	16.136028857417912	0.0
113.0	16.2492611865055	33.382780720154834	33.80231089271849	16.565647200621182	0.0
114.0	16.295121075610012	33.691561186320946	33.747148266956955	16.26616947111209	0.0
115.0	16.473202402583123	33.47413982663441	33.639635677665005	16.413022093117455	0.0
116.0	16.37469501971531	33.80511326187255	33.48018639932471	16.34000531908743	0.0
117.0	16.451586815624385	33.44385780468362	33.937174347539774	16.16738103215222	0.0
118.0	16.662625702839065	33.2005588075693	33.75936637687183	16.3774491127198	0.0
119.0	16.244837690053757	33.94435087557391	33.562512977874164	16.248298456498166	0.0
120.0	16.498137920697328	33.39175150753479	33.847182668250106	16.262927903517774	0.0
121.0	16.235367314959902	33.8867637570283	33.59756659599963	16.280302332012166	0.0
122.0	16.36763554286241	33.60702934266894	33.83734856511124	16.187986549357408	0.0
123.0	16.445513447573454	33.60915148515991	33.64022418376624	16.305110883500397	0.0
124.0	16.58135977271943	33.59634694793021	33.44106923085771	16.38122404849266	0.0
125.0	16.355462552027042	33.4812702646768	33.7342194218962	16.42904776139996	0.0
126.0	16.400450460803015	33.474293856725886	33.77766541794029	16.347590264530808	0.0
127.0	16.26357977904867	33.699671558832314	33.70885872436207	16.327889937756954	0.0
128.0	16.42145611457951	33.48329048843188	33.66346860080793	16.431784796180683	0.0
129.0	16.466149029142915	33.589475978025256	33.46675689004599	16.477618102785836	0.0
130.0	16.494337200238434	33.45981017011326	33.781924893392635	16.263927736255674	0.0
131.0	16.537976858746706	33.39786917172643	33.673960362011684	16.39019360751518	0.0
132.0	16.609785148197354	33.60552476063952	33.54138989417747	16.24330019698566	0.0
133.0	16.713410795031766	33.13834354072463	33.664930456184536	16.483315208059068	0.0
134.0	16.363990067172463	33.458065845034156	33.88146978383512	16.296474303958256	0.0
135.0	16.487086221490173	33.20522499027749	33.88351291377851	16.424175874453823	0.0
136.0	16.4355371617373	33.56960751809213	33.642776297888396	16.35207902228218	0.0
137.0	16.46250885572594	33.23696779943781	33.84601320931508	16.454510135521176	0.0
138.0	16.27035793416935	33.546906050846296	33.851846775851435	16.33088923913292	0.0
139.0	16.390242788818245	33.525859805723286	33.63544009040373	16.448457315054732	0.0
140.0	16.49081182200828	33.63409264603557	33.63865536632941	16.236440165626746	0.0
141.0	16.573936837304753	33.31433131911983	33.58453996123589	16.52719188233953	0.0
142.0	16.36543896435409	33.54795332300118	33.5832801531589	16.50332755948582	0.0
143.0	16.28608849154376	33.47987016684699	33.67006434713285	16.563976994476395	0.0
144.0	16.147244291665718	33.46005873380836	33.83682017893323	16.555876795592688	0.0
145.0	16.30915939324283	33.54916531060459	33.661822775015075	16.4798525211375	0.0
146.0	16.407147488028752	33.51266506670913	33.79474288834041	16.285444556921714	0.0
147.0	16.42712573624724	33.51943237895982	33.74343347053874	16.310008414254202	0.0
148.0	16.517035252403574	33.595472418574	33.742073323181124	16.14541900584131	0.0
149.0	16.297987888703318	33.698035606757784	33.54238385766386	16.461592646875037	0.0
150.0	16.103205878010833	33.69635576955836	33.81105420352726	16.389384148903552	0.0
151.0	16.633564481165802	33.79827717311119	33.649601071375876	15.918557274347132	0.0
152.0	16.438853409258485	33.74774549950656	33.57532583912792	16.238075252107038	0.0
153.0	16.423461115457442	33.637198544168164	33.73470752973457	16.20463281063982	0.0
154.0	16.32819582955576	33.491613780598364	33.98005439709882	16.200135992747054	0.0
155.0	16.483491581499692	33.54483446259829	33.58902309139115	16.382650864510868	0.0
156.0	16.517139038038923	33.37524638075172	33.73773760166746	16.369876979541903	0.0
157.0	16.523048701776634	33.45373840770895	33.699455346325	16.32375754418942	0.0
158.0	16.47386412514432	33.48991465374777	33.85439069114617	16.18183052996174	0.0
159.0	16.524671034022383	33.49739203240442	33.93299616442076	16.04494076915244	0.0
160.0	16.449340103819143	33.44378724992366	33.70955520622462	16.397317440032573	0.0
161.0	16.23176936122103	33.773883550028266	33.626907857546634	16.36743923120407	0.0
162.0	16.391626729360702	33.56994303282394	33.90451216203997	16.133918075775387	0.0
163.0	16.556478499180653	33.63733966208962	33.43391535288467	16.372266485845056	0.0
164.0	16.290814597220653	33.55440063269687	33.95661507174331	16.19816969833917	0.0
165.0	16.46170003726666	33.483529265620945	33.958961502411036	16.095809194701356	0.0
166.0	16.515936727297362	33.55801691336698	33.460917476769524	16.465128882566134	0.0
167.0	16.336896283169857	33.269749540052146	33.87812228405025	16.515231892727744	0.0
168.0	16.499684087011463	33.8478202003791	33.613141980323135	16.03935373228631	0.0
169.0	16.612532142373798	33.36942301619524	33.704380385257366	16.31366445617359	0.0
170.0	16.54359124680098	33.644122256169744	33.45471764055964	16.357568856469634	0.0
171.0	16.629666775600356	33.2435569479034	33.82954507037492	16.29723120612132	0.0
172.0	16.143093679954042	33.678377130241834	33.87887047904394	16.299658710760184	0.0
173.0	16.29603774222242	33.37124069674485	33.74843772871089	16.584283832321844	0.0
174.0	16.622014093702862	33.31494697976	33.70331179503343	16.359727131503703	0.0
175.0	16.473685987239644	33.35921412416028	33.82169260372008	16.345407284879993	0.0
176.0	16.027717782577394	33.61231101511879	33.84404247660187	16.515928725701944	0.0
177.0	16.244391214871293	33.444665609572326	33.65720904602858	16.653734129527795	0.0
178.0	16.204880242887665	33.665804565388505	33.84009895423367	16.289216237490162	0.0
179.0	16.39388489208633	33.826438848920866	33.38803956834532	16.39163669064748	0.0
180.0	16.426749373518078	33.42435581925856	33.78844576295947	16.3604490442639	0.0
181.0	16.509577037577934	33.479750603830816	33.52581025669831	16.48486210189294	0.0
182.0	16.65599622603363	33.41645044984332	33.77475261425795	16.152800709865105	0.0
183.0	16.448986467516423	33.58975798753439	33.80088719186928	16.160368353079903	0.0
184.0	16.509661700144843	33.49875930521092	33.625635785904365	16.365943208739882	0.0
185.0	16.22689368006375	33.65133166477739	33.798359128609754	16.32341552654912	0.0
186.0	16.420941609443023	33.019164310399	34.09743727839864	16.462456801759345	0.0
187.0	16.556358251817286	33.571524724042	33.59508211433187	16.277034909808847	0.0
188.0	16.292292337194827	33.451458433795736	33.8753630664678	16.380886162541632	0.0
189.0	16.260919295334	33.506397389461405	33.86747704004396	16.365206275160634	0.0
190.0	16.307150705204386	33.24102518106599	33.96304684171581	16.488777272013813	0.0
191.0	16.287305696578468	33.7423931681404	33.563079267951004	16.407221867330126	0.0
192.0	16.34422574971714	33.52526689594139	33.91958954596884	16.210917808372635	0.0
193.0	16.4549873440405	33.37253320789373	33.64805232623256	16.52442712183321	0.0
194.0	16.479098778289156	33.47666879430242	33.617764638693856	16.42646778871457	0.0
195.0	16.244024227767888	33.69831726732274	33.70951309351874	16.348145411390632	0.0
196.0	16.511081262592345	33.21804342959481	33.68927691963287	16.581598388179984	0.0
197.0	16.364022868906567	33.75289497532978	33.75177614428445	16.131306011479207	0.0
198.0	16.46087773453228	33.48543819621527	33.90260815103118	16.151075918221267	0.0
199.0	16.221655709110426	33.34675074913905	34.000849769667695	16.43074377208283	0.0
200.0	16.3576210754563	33.55799215370687	33.857537247538254	16.226849523298572	0.0
201.0	16.204195210263403	33.52703865538706	33.68684554608138	16.58192058826816	0.0
202.0	16.279043789097408	33.461796246648795	33.9287310098302	16.330428954423592	0.0
203.0	16.33587615739448	33.62112293791116	33.69037114806831	16.35262975662605	0.0
204.0	16.46048723846102	33.408882835004356	33.77509322734073	16.35553669919389	0.0
205.0	16.3301523522518	33.7708577487583	33.68491545287126	16.214074446118644	0.0
206.0	16.605668377594288	33.521535371568845	33.45793349698728	16.414862753849587	0.0
207.0	16.353331027480557	33.35267274370447	34.01430372543987	16.2796925033751	0.0
208.0	16.663691936995225	33.39096872071751	33.84387131319441	16.101468029092857	0.0
209.0	16.304953940177995	33.67051056141681	33.73965605692236	16.284879441482836	0.0
210.0	16.386788876251646	33.32441292567071	33.904239423741664	16.384558774335986	0.0
211.0	16.432537293464446	33.34782705643633	33.73469797310857	16.484937676990658	0.0
212.0	16.470850518336864	33.33407646862111	33.89811615204548	16.296956860996545	0.0
213.0	16.5821529271473	33.3493073588249	33.705936765148394	16.362602948879402	0.0
214.0	16.37625615544018	33.86104859733951	33.36415695536888	16.398538291851423	0.0
215.0	16.37319433771036	33.42131934467128	33.915823003330104	16.289663314288262	0.0
216.0	16.422565016428134	33.33407584785878	33.814111488555994	16.429247647157098	0.0
217.0	16.548068464014076	33.4446931480306	33.782113386563324	16.225125001391998	0.0
218.0	16.246701332828557	33.714883808972374	33.692614325958424	16.345800532240645	0.0
219.0	16.26032551822412	33.49809631955113	33.927815999821874	16.313762162402867	0.0
220.0	16.240010684949805	33.609732208445564	33.78558867395321	16.364668432651424	0.0
221.0	16.464893735395574	33.54512072994325	33.72426838767108	16.265717146990095	0.0
222.0	16.59433353364047	33.36004095168147	33.68943491130845	16.356190603369612	0.0
223.0	16.5704304484719	33.54026901638797	33.93188923378169	15.957411301358432	0.0
224.0	16.223821334430717	33.466427912046356	34.10594921644737	16.203801537075552	0.0
225.0	16.497436524795088	33.61210894491587	33.550941423757465	16.339513106531577	0.0
226.0	16.135380646882886	33.69728371451762	33.79068035001501	16.376655288584484	0.0
227.0	16.576808919817246	33.10915215047189	34.04737819180275	16.26666073790811	0.0
228.0	16.58609231042799	33.28998988652908	33.72564709543338	16.39827070760955	0.0
229.0	16.143373159210892	33.515976660183384	33.91386496248958	16.426785218116144	0.0
230.0	16.190148122631758	33.23814074428011	34.09154045314636	16.48017067994177	0.0
231.0	16.387413613030823	33.66925179440457	33.89702451056643	16.04631008199818	0.0
232.0	16.464261508205464	33.4140731769647	33.682959078232464	16.438706236597373	0.0
233.0	16.55280434565268	33.40331700381022	33.79433687695093	16.249541773586163	0.0
234.0	16.260316120361217	33.428117606549	33.82132423996712	16.49024203312266	0.0
235.0	16.18577996934764	33.87530263654739	33.50103285133604	16.43788454276893	0.0
236.0	16.25229026705902	33.459552495697075	33.95147409916162	16.336683138082282	0.0
237.0	16.05249425427737	33.68492344587918	34.018008815659456	16.244573484183995	0.0
238.0	16.58005773928492	33.54874528092383	33.70641794359316	16.16477903619809	0.0
239.0	16.562496530745918	33.45471096950387	33.70893790867813	16.27385459107208	0.0
240.0	16.68646014850661	33.32186421301486	33.60045284526677	16.39122279321176	0.0
241.0	16.255173714754935	33.64995173048968	33.739832887626356	16.35504166712902	0.0
242.0	16.292795491357694	33.383256784042246	34.0422463333999	16.28170139120016	0.0
243.0	15.976751408669418	33.681618527885	33.720440126003815	16.62118993744177	0.0
244.0	16.348051717637667	33.43904548579539	33.80164556119847	16.411257235368478	0.0
245.0	16.250263370926067	33.64050700289431	33.646051653969415	16.463177972210207	0.0
246.0	16.343253792246962	33.59243324758272	33.976093320322896	16.088219639847424	0.0
247.0	16.47631508915107	33.46491617138295	33.93063071054733	16.128138028918656	0.0
248.0	16.165938670982904	33.732068025099224	33.73539389370524	16.366599410212636	0.0
249.0	16.38862716843097	33.38801751371723	33.76932882558333	16.45402649226847	0.0
250.0	16.311467234099144	33.72455142910973	33.82429541953431	16.13968591725682	0.0
251.0	16.423038134607072	33.67725776600579	33.69166491195018	16.208039187436967	0.0
252.0	16.13807624113475	33.54831560283688	33.902925531914896	16.410682624113477	0.0
253.0	16.285872576177283	33.54349030470914	33.842659279778395	16.32797783933518	0.0
254.0	16.373990405388934	33.47588606122381	33.905760090406496	16.244363442980756	0.0
255.0	16.497175141242938	33.35770466378642	34.017946161515454	16.12717403345519	0.0
256.0	16.596885314902195	33.53603154560156	33.68888593518088	16.178197204315367	0.0
257.0	16.342511574330462	33.38612852490973	33.69182376005139	16.579536140708413	0.0
258.0	16.184759858694807	33.54890864995958	33.87559384724422	16.390737644101392	0.0
259.0	16.220526508145703	33.708039382897894	33.85090760081069	16.220526508145703	0.0
260.0	16.320836193724116	33.42781849990035	33.9581903137941	16.29315499258144	0.0
261.0	16.500049818991	33.374295614821705	33.73077817263941	16.394876393547886	0.0
262.0	16.510399946865626	33.47244207799683	33.82777820826461	16.18937976687293	0.0
263.0	16.44252587304223	33.32005091593337	33.74730200896563	16.490121202058774	0.0
264.0	16.30439594492895	33.43330824737704	33.920270928327945	16.34202487936606	0.0
265.0	16.35645361189802	33.60924220963173	33.810640934844194	16.223663243626063	0.0
266.0	16.326259653470824	33.3119426434467	33.95808900002213	16.403708703060342	0.0
267.0	16.255683515316452	33.480468620357776	33.676280242939164	16.58756762138661	0.0
268.0	16.467347412906154	33.564182274783995	33.80867564248653	16.159794669823324	0.0
269.0	16.402455888046905	33.29277061784391	33.810498368272576	16.494275125836605	0.0
270.0	16.61265167520214	33.42772130476622	33.64120034953046	16.31842667050118	0.0
271.0	16.21008858757562	33.69535164069499	33.70530530087702	16.389254470852364	0.0
272.0	16.581330797217646	33.34623508465392	33.59505457440808	16.47737954372035	0.0
273.0	16.701863010669467	33.226822931063076	33.873624854884184	16.197689203383273	0.0
274.0	16.52186408453818	33.522350444356015	33.87496131228722	16.080824158818587	0.0
275.0	16.435525399754678	33.64901152575337	33.51529952593018	16.400163548561768	0.0
276.0	16.44771007126678	33.5738356996851	33.484337881884976	16.49411634716314	0.0
277.0	16.434709611858526	33.60284533987231	33.613890913910794	16.348554134358363	0.0
278.0	16.381185877259828	33.37529956156335	33.74636936907089	16.49714519210593	0.0
279.0	16.591037064025706	33.42055579477328	33.69878440594879	16.289622735252227	0.0
280.0	16.33601607436602	33.29358902173793	33.98359443138034	16.386800472515706	0.0
281.0	16.56310358148005	33.56989128635285	33.66811986093482	16.19888527123227	0.0
282.0	16.50246577156033	33.21123994660253	33.72535607506536	16.56093820677177	0.0
283.0	16.23753419821728	33.691863030623956	33.829759068043415	16.24084370311535	0.0
284.0	16.39901173563928	33.71680049413218	33.72341833583341	16.160769434395128	0.0
285.0	16.21746801940891	33.52227613586237	33.828848698720776	16.43140714600794	0.0
286.0	16.47572526491052	33.289962620326165	33.86333814821757	16.370973966545744	0.0
287.0	16.46525679758308	33.284451011092244	33.824729309546385	16.425562881778287	0.0
288.0	16.483661860034395	33.67508929752613	33.659655157207744	16.181593685231732	0.0
289.0	16.56396406327509	33.56225541531169	33.647136636719395	16.22664388469382	0.0
290.0	16.441950455863385	33.54978116352652	33.848545316238	16.159723064372102	0.0
291.0	16.25533228249248	33.55783115265484	33.736400612868024	16.45043595198466	0.0
292.0	16.594666078906766	33.26647564469914	34.05554331055764	16.083314965836458	0.0
293.0	16.398501212254793	33.42517081772096	33.87701124090809	16.299316729116157	0.0
294.0	16.473453375355387	33.74363608313314	33.42957265334009	16.353337888171378	0.0
295.0	16.387679761970357	33.29219240729517	33.62609510165849	16.694032729075982	0.0
296.0	16.46078744669363	33.40863260201215	33.7237875899459	16.406792361348334	0.0
297.0	16.61560840147224	33.494589293191986	33.51773080907147	16.372071496264297	0.0
298.0	16.503944990523205	33.45528276105259	33.8420681447525	16.19870410367171	0.0
299.0	16.390660981280096	33.493097103317574	33.778468251082536	16.33777366431979	0.0
300.0	16.367883469043708	33.67123197108763	33.54011260839384	16.420771951474816	0.0
301.0	16.379281850133868	33.89010698427739	33.37005982745893	16.360551338129813	0.0
302.0	16.336153710558786	33.48977613255773	33.696897585052	16.477172571831485	0.0
303.0	16.406895412237706	33.60356887150961	33.64432450294652	16.34521121330616	0.0
304.0	16.437375395155694	33.512507297300274	33.80439930827101	16.245717999273023	0.0
305.0	16.269439182342836	33.79554165381735	33.791136173399714	16.143882990440108	0.0
306.0	16.30821412446177	33.55578314447124	33.651590736396976	16.484411994670015	0.0
307.0	16.420375712995792	33.520162089545664	33.5708150725659	16.488647124892637	0.0
308.0	16.43159922928709	33.465455546380404	33.68565923479218	16.417285989540325	0.0
309.0	16.315859001739362	33.62139192848807	33.504700675928575	16.558048393843986	0.0
310.0	16.482826948480845	33.39608102157639	33.890356671070016	16.230735358872746	0.0
311.0	16.26069058128144	33.683723899571824	33.77508227757537	16.280503241571363	0.0
312.0	16.517891539079613	33.60153214533367	33.623545727714	16.257030587872716	0.0
313.0	16.502503714301437	33.65432234633797	33.51785616023771	16.325317779122877	0.0
314.0	16.201492373049238	33.53987365455306	33.90416235610046	16.354471616297243	0.0
315.0	16.431707880748785	33.188066074592534	33.87698504407541	16.503241000583273	0.0
316.0	16.44583351674957	33.62239732359026	33.79407492186468	16.137694237795483	0.0
317.0	16.431212041193557	33.70742012146818	33.5445823431036	16.31678549423466	0.0
318.0	16.4877233125055	33.511176625891046	33.71688814573616	16.28421191586729	0.0
319.0	16.16969323668841	33.329300350869474	33.86605365333216	16.634952759109957	0.0
320.0	16.18761618761619	33.573133573133575	33.81623381623381	16.423016423016424	0.0
321.0	16.605064572195456	33.38283501639056	33.58744197302708	16.424658438386906	0.0
322.0	16.31081631081631	33.66993366993367	33.73813373813373	16.281116281116283	0.0
323.0	16.219218459575686	33.44038362130594	34.113480637462466	16.226917281655908	0.0
324.0	16.247690683557668	33.69402656813583	33.7358141989971	16.322468549309406	0.0
325.0	16.55944486600024	33.47519602344583	33.762220535999035	16.20313857455489	0.0
326.0	16.36409619212034	33.430830300297984	33.8288818270785	16.376191680503172	0.0
327.0	16.324488382066704	33.42533842110472	33.753037817390066	16.497135379438514	0.0
328.0	16.180464686671872	33.66504293898376	33.711225712809124	16.443266661535247	0.0
329.0	16.434454622430913	33.658466850676845	33.6232776537603	16.28380087313195	0.0
330.0	16.38698893751787	33.51844113571884	33.86703028436957	16.22753964239372	0.0
331.0	16.371973345648875	33.64012227573618	33.55545292604077	16.432451452574167	0.0
332.0	16.38204990048493	33.45465741524725	33.58111302932671	16.582179654941115	0.0
333.0	16.33788568538189	33.39271183831453	33.752281674034	16.517120802269577	0.0
334.0	16.10753752267854	33.813843531804935	33.538952113915	16.53966683160152	0.0
335.0	16.39564160921815	33.2167870611648	34.05240184275049	16.335169486866555	0.0
336.0	16.315986192643408	33.50152804344481	33.74997251720423	16.43251324670756	0.0
337.0	16.341787877788406	33.59829369922051	33.57960354892972	16.48031487406137	0.0
338.0	16.450797141286422	33.539307311709734	33.50632215503024	16.50357339197361	0.0
339.0	16.65054200839948	33.44070889861255	33.471492337122626	16.437256755865345	0.0
340.0	16.71760928841587	33.55396252968599	33.545166681326414	16.18326150057173	0.0
341.0	16.303260212216173	33.496069052724174	33.81934136016274	16.381329374896918	0.0
342.0	16.312820907501678	33.39087220872319	33.91641836992733	16.379888513847813	0.0
343.0	16.381727227749987	33.71227530097301	33.48908801055467	16.416909460722334	0.0
344.0	16.14541537040905	33.39782558510229	33.912297866259195	16.544461178229465	0.0
345.0	16.36987204854241	33.67079980653388	33.327837136701405	16.63149100822231	0.0
346.0	16.299975822581708	33.38681671318988	33.96157988438798	16.35162757984043	0.0
347.0	16.250700603343116	33.33553130460585	33.80589715692416	16.60787093512688	0.0
348.0	16.25607102828385	33.51317495549744	33.892270839285324	16.338483176933387	0.0
349.0	16.42053445850914	33.28388713080169	33.85196905766526	16.44360935302391	0.0
350.0	16.180817281807293	33.43735234976761	33.97356305420343	16.408267314221668	0.0
351.0	16.548533500368137	33.60036923482676	33.47619204606644	16.374905218738668	0.0
352.0	16.504214239403964	33.693036340259994	33.50182965022363	16.300919770112415	0.0
353.0	16.379518734205032	33.31941544885177	34.07647511262499	16.224590704318206	0.0
354.0	16.548549076485262	33.605827866961135	33.75965542626715	16.08596763028645	0.0
355.0	16.277536669779707	33.483491732132066	33.98340932813272	16.2555622699555	0.0
356.0	16.419796496934268	33.55822693009252	33.73843482847285	16.28354174450036	0.0
357.0	16.661539137696128	33.414275040653976	33.42306509031776	16.50112073133213	0.0
358.0	16.42896385012636	33.6556422371168	33.673222722777716	16.242171189979125	0.0
359.0	16.27937638023666	33.769515585000605	33.79478558950525	16.15632244525748	0.0
360.0	16.35077078594895	33.33882717473712	33.85524826669304	16.455153772620893	0.0
361.0	16.237719510318907	33.59744170201543	33.85129343502055	16.31354535264511	0.0
362.0	16.592869307257047	33.232983574136135	33.838378289292976	16.33576882931385	0.0
363.0	16.35262967072809	33.667695755831204	33.76108285083334	16.218591722607368	0.0
364.0	16.483552703860774	33.69992748687073	33.655980135797314	16.16053967347118	0.0
365.0	16.41873036102749	33.86033531828869	33.484585466611	16.236348854072823	0.0
366.0	16.42312509613483	33.6867432815487	33.573578852534666	16.3165527697818	0.0
367.0	16.571271628673443	33.377643504531726	33.547926393847845	16.503158472946993	0.0
368.0	16.2771789885406	33.52011162749816	34.01672215080699	16.185987233154243	0.0
369.0	16.202706859427867	33.58746759238915	33.79619457749264	16.41363097069034	0.0
370.0	16.26609253482139	33.67129487235819	33.569137484072236	16.493475108748186	0.0
371.0	16.036596081187945	33.5734996924699	34.196248132853	16.193656093489146	0.0
372.0	16.61304314405877	33.27550045570843	33.822350577047665	16.28910582318513	0.0
373.0	16.552095229728543	33.343582535359744	33.66972678555741	16.4345954493543	0.0
374.0	16.19579897444907	33.59832222502828	33.77620150867985	16.429677291842808	0.0
375.0	16.347325771633745	33.24036761718621	33.87063125185291	16.541675359327133	0.0
376.0	16.418680751534584	33.559906442509366	33.76305357593859	16.25835923001746	0.0
377.0	16.367648996442533	33.4489876586587	34.02982124818833	16.153542096710442	0.0
378.0	16.619823459663607	33.20231873874665	33.7754160994247	16.402441702165035	0.0
379.0	16.435589220045006	33.425544760963824	33.83061638948351	16.308249629507657	0.0
380.0	16.39355058226959	33.18332985764304	34.07237484770989	16.350744712377484	0.0
381.0	16.429033992997244	33.45846093055418	33.86567442677291	16.246830649675655	0.0
382.0	16.1772938322558	33.66080151037836	33.79032523627104	16.371579421094804	0.0
383.0	16.41053787047201	33.879253567508236	33.39297475301866	16.317233809001095	0.0
384.0	16.269140003292904	33.71713956423906	33.796169255254924	16.217551177213103	0.0
385.0	16.265847099500576	33.44382854947588	34.219856209867736	16.070468141155807	0.0
386.0	16.372876146990382	33.27369715063441	33.91030425429161	16.443122448083596	0.0
387.0	16.32897220880713	33.538218378188525	33.754445273741055	16.37836413926329	0.0
388.0	16.45573788485813	33.43065693430657	33.85873442730915	16.254870753526152	0.0
389.0	16.248970854602337	33.540809045501945	33.66375761567594	16.54646248421977	0.0
390.0	16.19340321606937	33.65457439218484	33.608473739092254	16.54354865265353	0.0
391.0	16.274092286078062	33.93006102647407	33.6809061772841	16.114940510163763	0.0
392.0	16.602087746836	33.259058428372285	33.82984094925524	16.30901287553648	0.0
393.0	16.483926552742197	33.5232074456993	33.82832307135096	16.164542930207546	0.0
394.0	16.383294001426925	33.358213050875364	33.914713791778716	16.343779155918995	0.0
395.0	16.44219053577897	33.18514615646371	33.93925423431136	16.433409073445958	0.0
396.0	16.496712512211452	33.51591056276961	33.87813793179149	16.109238993227446	0.0
397.0	16.37379402693477	33.64541373519631	33.62126683423152	16.359525403637402	0.0
398.0	16.239531999429268	33.56126044056151	33.799431462721294	16.399776097287923	0.0
399.0	16.303775241439862	33.46027216856892	34.012291483757686	16.22366110623354	0.0
400.0	16.558580504987326	33.63180476456969	33.675697622104444	16.133917108338547	0.0
401.0	16.371734813660847	33.32053405886935	33.695735647442156	16.611995480027648	0.0
402.0	16.47562112652882	33.49421378818626	33.61487412932595	16.415290955958977	0.0
403.0	16.101044226044227	33.692743067743066	33.97683397683397	16.22937872937873	0.0
404.0	16.361183322912893	33.45837857996863	33.90919960073272	16.271238496385752	0.0
405.0	16.183874258261945	33.69382808129778	33.79035000164526	16.331947658795013	0.0
406.0	16.299424184261035	33.88977241568412	33.617768028516586	16.19303537153825	0.0
407.0	16.50638741159055	33.227698887000386	33.96129173748561	16.30462196392346	0.0
408.0	16.428516597396616	33.585191196306575	33.941593832589454	16.044698373707355	0.0
409.0	16.447880682129735	33.72923178154302	33.584471130120086	16.23841640620716	0.0
410.0	16.307483082727384	33.16772502440255	34.03744283223111	16.487349060638962	0.0
411.0	16.324113272938646	33.59801706552019	33.603500844501966	16.4743688170392	0.0
412.0	16.293786054265098	33.60751025421684	33.723761268671446	16.374942422846615	0.0
413.0	16.066278470463093	33.48576065620511	34.04831617155202	16.39964470177978	0.0
414.0	16.446827406993194	33.31907941624727	33.88156091356644	16.352532263193098	0.0
415.0	16.234883950400718	33.56941596956508	33.96629792459243	16.22940215544178	0.0
416.0	16.585916604551233	33.33625641250493	33.70017976936906	16.377647213574782	0.0
417.0	16.458776333384485	33.54889624482101	33.87333669465331	16.118990727141195	0.0
418.0	16.268084173608067	33.29241560718983	33.90289346777729	16.536606751424817	0.0
419.0	16.351739406826102	33.44220609833622	33.77759266972095	16.428461825116727	0.0
420.0	16.5875790419621	33.368036909993535	33.65845105151838	16.38593299652599	0.0
421.0	16.45227033660589	33.43706171107995	33.76358695652174	16.347080995792425	0.0
422.0	16.444989810899052	33.47831803142187	33.65361439183119	16.42307776584789	0.0
423.0	16.672874671340928	33.231814198071866	33.8705083260298	16.224802804557406	0.0
424.0	16.47239263803681	33.39395267309378	33.88255915863278	16.251095530236633	0.0
425.0	16.434604471807457	33.682065663924284	33.71602598512319	16.167303879145077	0.0
426.0	16.27259778678646	33.24202914429714	34.128410211460505	16.3569628574559	0.0
427.0	16.400968565449386	33.66641466434386	33.465908468373705	16.466708301833044	0.0
428.0	16.464323281907433	33.60361150070126	33.99149719495091	15.940568022440393	0.0
429.0	16.40565924010126	33.62119036920952	33.753794562132185	16.219355828557024	0.0
430.0	16.612781254452397	33.54229913527613	33.601481757504686	16.24343785276679	0.0
431.0	16.49113962892744	33.762561781498974	33.44475007945292	16.301548510120657	0.0
432.0	16.440157825515126	33.3735203857957	34.084831214379655	16.101490574309512	0.0
433.0	16.731884296252453	33.57337805399362	33.326756765644014	16.36798088410992	0.0
434.0	16.512122407821476	33.51856723223289	33.79038975842869	16.178920601516943	0.0
435.0	16.48745519713262	33.37608102331393	33.70929378623963	16.42716999331382	0.0
436.0	16.515058524396125	33.45096663890229	33.63728025952392	16.39669457717768	0.0
437.0	16.223176906384936	33.72750586327072	33.7001074019683	16.349209828376036	0.0
438.0	16.488574716422818	33.22045043564031	33.681845580579754	16.609129267357115	0.0
439.0	16.27843274751282	33.53420695095762	33.857430862953066	16.3299294385765	0.0
440.0	16.20013804134667	33.76973388695947	33.649221600184056	16.3809064715098	0.0
441.0	16.09991235758107	33.51446099912357	33.66783523225241	16.717791411042946	0.0
442.0	16.361724039704626	33.259197580910225	34.01078072616517	16.368297653219972	0.0
443.0	16.22187164486514	33.75512171607616	33.5677819408839	16.455224698174806	0.0
444.0	16.363038834419676	33.61121761516131	33.572876157090434	16.452867393328585	0.0
445.0	16.59565612643892	33.38189066932454	33.6305188333096	16.391934370926933	0.0
446.0	16.35415753964777	33.54836589853676	33.90979584684132	16.187680714974153	0.0
447.0	16.335023490631126	33.4026918401542	33.91521470108309	16.347069968131592	0.0
448.0	16.281590819499804	33.44575358065788	33.672419079321976	16.600236520520344	0.0
449.0	16.604261096148374	33.49865335347829	33.645361185924806	16.251724364448535	0.0
450.0	16.38586926773731	33.609204462106035	33.651898803463716	16.35302746669294	0.0
451.0	16.485477496414536	33.181156326293774	33.72636603496787	16.60700014232382	0.0
452.0	16.569219988612975	33.819471817106816	33.66618490780887	15.945123286471336	0.0
453.0	16.183844621077757	33.377126716153185	34.147890253782656	16.291138408986402	0.0
454.0	16.451372772255553	33.31764242238472	33.80807461575513	16.42291018960459	0.0
455.0	16.248672672935665	33.64021499961685	33.86134495177834	16.249767375669137	0.0
456.0	16.390804597701152	33.551176792556106	33.79638752052545	16.261631089217296	0.0
457.0	16.35577449370553	33.51724137931035	33.95402298850575	16.17296113847838	0.0
458.0	16.415100535239326	33.52634056107092	33.74087411477545	16.317684788914306	0.0
459.0	16.680528804062337	33.37747329714586	33.71125897391	16.23073892488181	0.0
460.0	16.12461972817404	33.645575715129894	33.911492416449626	16.318312140246437	0.0
461.0	16.560885931891796	33.559485249058916	33.756456272432814	16.123172546616477	0.0
462.0	16.313647403776724	33.49489070261045	33.59554495525262	16.59591693836021	0.0
463.0	16.275584435474165	33.724962532681346	33.724962532681346	16.27449049916314	0.0
464.0	16.564940605105992	33.24145172934305	33.92837610203233	16.26523156351863	0.0
465.0	16.5131794815706	33.52072623865252	33.47807065514601	16.488023624630866	0.0
466.0	16.448469337533222	33.55863984862902	33.75113473548359	16.241756078354168	0.0
467.0	16.4876629626389	33.540773470994836	33.5374923440371	16.434071222329163	0.0
468.0	16.313429571303587	33.65157480314961	33.827646544181974	16.207349081364832	0.0
469.0	16.31228945180907	33.789429933937086	33.71505446909043	16.183226145163406	0.0
470.0	16.575908673402438	33.5389056554258	33.4962603332896	16.388925337882167	0.0
471.0	16.357791845704728	33.51264473382097	34.036365226708654	16.093198193765648	0.0
472.0	16.622933613224873	33.38034636578326	33.72037085629319	16.27634916469868	0.0
473.0	16.50158521919755	33.377063518093365	33.77719470864765	16.34415655406144	0.0
474.0	16.392654132050723	33.77787494534324	33.5024048972453	16.327066025360732	0.0
475.0	16.065064824329347	33.666018058986865	33.87590458908153	16.393012527602266	0.0
476.0	16.352428107682723	33.592375206304446	33.82737099824026	16.22782568777257	0.0
477.0	16.145673938705023	33.47396493682508	33.906789664670136	16.473571459799764	0.0
478.0	16.66557355545353	33.58146957871494	33.666732253339454	16.086224612492074	0.0
