# Position (bp)	A	C	G	T	N
0.0	15.102003138558109	33.52256992522847	35.71032954860149	15.665097387611926	0.0
1.0	15.546838589405002	32.150069908342395	35.28817772254156	17.014913779711048	0.0
2.0	15.677572504902468	32.129218701620395	34.0041971995734	18.18901159390374	0.0
3.0	18.563505097140023	32.8447928609054	32.10423573885291	16.487466303101662	0.0
4.0	17.205953498961268	33.98218503656906	32.49096445544836	16.320897009021316	0.0
5.0	16.475156510024565	35.10315133264654	32.007290593549406	16.414401563779485	0.0
6.0	17.049841402542476	32.94401140918144	33.797241141901694	16.208906046374388	0.0
7.0	17.271520754198892	32.60033865726969	33.68495721019633	16.44318337833509	0.0
8.0	16.824261010307524	33.02240395263651	32.85203168924099	17.301303347814976	0.0
9.0	16.84547224540072	32.62407120435491	32.951881432034014	17.578575118210356	0.0
10.0	16.930152877865297	33.15084818352792	33.03539839487552	16.883600543731262	0.0
11.0	17.018933235432947	32.742434572822155	33.07809304033146	17.160539151413438	0.0
12.0	16.98937543441565	33.09337040346871	32.84347797305796	17.07377618905769	0.0
13.0	17.147960232032496	32.51616166405867	33.27485102818215	17.06102707572668	0.0
14.0	16.719166096020697	32.97268507951001	32.98333713763981	17.32481168682949	0.0
15.0	17.443640002354467	32.65789628583201	32.81093648831597	17.087527223497556	0.0
16.0	17.131285955522483	32.877300437906065	32.724176421763644	17.267237184807808	0.0
17.0	17.02154343524428	32.981243555084866	33.01190044870545	16.98531256096541	0.0
18.0	17.04886295468179	32.362163930850194	33.05202595844467	17.53694715602334	0.0
19.0	16.993830622546273	32.95409021713004	32.71639558796037	17.335683572363326	0.0
20.0	16.851987831742367	32.786111402496594	33.13883352564775	17.22306724011329	0.0
21.0	17.216339270743315	32.629528833627845	32.73400317292438	17.42012872270447	0.0
22.0	16.96804117161192	32.82546540440943	33.00209670245886	17.204396721519792	0.0
23.0	17.360850061398892	32.38603613763376	32.84715434929705	17.4059594516703	0.0
24.0	17.002807008866192	32.688669329409294	32.827164921045146	17.48135874067937	0.0
25.0	17.09938206775273	32.96289964096427	32.5782184988887	17.359499792394303	0.0
26.0	17.36257896198954	33.010037080429505	32.380756827268	17.246627130312948	0.0
27.0	17.207799976073694	32.65701638952028	32.645053236033014	17.49013039837301	0.0
28.0	17.751584434046084	32.805780963098975	31.993129183202036	17.449505419652905	0.0
29.0	17.481507573089118	32.63003404954796	32.498532347070565	17.389926030292358	0.0
30.0	17.554015491235223	32.51179313959583	32.66554073728962	17.268650631879332	0.0
31.0	17.365553460501808	32.44415653521811	33.01329138084606	17.176998623434013	0.0
32.0	17.611305796518643	32.31688401217901	32.85919457689435	17.212615614407998	0.0
33.0	17.419502169445078	32.823704042018726	32.60333409454213	17.153459693994062	0.0
34.0	17.264065335753177	32.36728675136116	33.15562613430127	17.21302177858439	0.0
35.0	17.44976276076593	32.252138534188376	33.01062786687554	17.287470838170158	0.0
36.0	17.528938492396993	32.782017234230906	32.49067132820117	17.19837294517094	0.0
37.0	17.38621542988998	32.60542420492927	32.76482850104226	17.243531864138493	0.0
38.0	17.634599390074854	31.99445522594954	32.98807873579152	17.382866648184088	0.0
39.0	17.544963036522123	32.115193644488585	32.74412446209865	17.595718856890656	0.0
40.0	17.24705959872171	32.30323197048068	32.983011014836535	17.46669741596108	0.0
41.0	17.393868568495318	32.24953855899346	33.115627832810915	17.24096503970031	0.0
42.0	17.393715341959336	32.60411003588127	32.69218223333696	17.309992388822444	0.0
43.0	17.477598372364834	32.2475217523051	32.765897580191336	17.50898229513874	0.0
44.0	17.557021515112318	32.71030052170914	32.36752468417195	17.365153279006595	0.0
45.0	17.716231018707447	32.23329538864667	32.55117163169312	17.49930196095277	0.0
46.0	17.542377412972566	32.508422009518206	32.73407839152986	17.21512218597936	0.0
47.0	17.525201935167622	32.685791010421774	32.681528526672494	17.107478527738113	0.0
48.0	17.550582790174307	32.3485700940532	32.594849366255495	17.505997749516997	0.0
49.0	17.32234308206713	32.312608456426965	33.01413636940788	17.35091209209802	0.0
50.0	17.38983729978806	32.28486772040448	32.763583833314	17.561711146493458	0.0
51.0	17.53980347853502	32.22426567179865	32.70453470653145	17.531396143134888	0.0
52.0	17.562641414564652	32.59239084890639	32.362984999580995	17.48198273694796	0.0
53.0	17.398433420365535	32.35926892950391	32.882506527415146	17.359791122715404	0.0
54.0	17.90852122499115	31.981137967647243	32.7816292965253	17.3287115108363	0.0
55.0	17.365723061597212	32.45475676573136	32.53673418562178	17.642785987049642	0.0
56.0	17.494388182598712	32.537162127214984	32.53509325444032	17.433356435745985	0.0
57.0	17.45257228921877	32.603649793164635	32.3870142463662	17.5567636712504	0.0
58.0	17.351696877991536	32.509855994400354	32.577792874862325	17.560654252745785	0.0
59.0	17.13317936874519	32.700025660764695	32.70310495252758	17.463690017962534	0.0
60.0	17.41730058460373	32.58218750319945	32.64771226439241	17.35279964780441	0.0
61.0	17.249338685132415	32.6939771833604	32.25786683825106	17.79881729325612	0.0
62.0	17.345139957406484	32.63295189378114	32.668616322080354	17.35329182673202	0.0
63.0	17.301885833375692	32.458699740761446	32.634575306257304	17.60483911960555	0.0
64.0	17.51242267518507	32.44194300780854	32.743129500050706	17.302504816955683	0.0
65.0	17.505488168823156	32.427237503667214	32.783336199658066	17.283938127851574	0.0
66.0	17.315396958351414	32.91923585391206	32.3621721447962	17.40319504294033	0.0
67.0	17.158392911086498	32.413654214077134	33.03393414560467	17.3940187292317	0.0
68.0	17.311827956989248	32.72937393226811	32.263089136770176	17.695708973972465	0.0
69.0	17.421263791374123	32.680040120361085	32.412236710130394	17.486459378134402	0.0
70.0	17.243209147251118	32.74627792184387	32.70522742973858	17.305285501166434	0.0
71.0	17.349070085845916	32.602460449916556	32.520512077391245	17.52795738684629	0.0
72.0	17.448158233340315	32.60520462411603	32.758809858663234	17.187827283880427	0.0
73.0	17.37130339539978	32.73125560091606	32.604799362740216	17.29264164094394	0.0
74.0	17.33551977738024	32.78970383621546	32.70025839793282	17.17451798847148	0.0
75.0	17.242610947406018	32.40765544542668	32.758877280709584	17.59085632645772	0.0
76.0	17.372184695838204	32.634748331121365	32.79618881603708	17.196878157003347	0.0
77.0	17.296490065570204	32.467635220001384	32.54774361358084	17.688131100847567	0.0
78.0	17.28040290327359	32.54233940650767	32.68157803782156	17.495679652397175	0.0
79.0	17.445436801324895	32.403738096646364	32.909445791683915	17.24137931034483	0.0
80.0	17.36160327584849	32.594101897787226	32.68859752736436	17.35569729899992	0.0
81.0	17.418949064929194	32.5559912340183	32.763347976060615	17.261711724991894	0.0
82.0	17.030610542431766	33.00030424072311	32.63227110792694	17.336814108918176	0.0
83.0	17.48990552354071	32.59339840840488	32.52773530910659	17.38896075894782	0.0
84.0	17.495105716523103	32.73590446358653	32.478465152701645	17.290524667188723	0.0
85.0	17.327806995249173	32.68099083071028	32.56466402080197	17.426538153238578	0.0
86.0	17.465415743280843	32.63269908523787	32.64831935644483	17.253565815036463	0.0
87.0	17.273551519405693	32.752283739385604	32.753258654811695	17.220906086397004	0.0
88.0	17.450951755026534	32.79002969670415	32.5914025607322	17.167615987537122	0.0
89.0	17.232190615122782	32.58837831266715	33.037685387794795	17.14174568441527	0.0
90.0	17.452174842364006	32.578429372273554	32.6046615562486	17.364734229113836	0.0
91.0	17.41236072828914	32.59540354827439	32.553670561745406	17.43856516169106	0.0
92.0	17.24622647911355	32.70772541758359	32.4527643403488	17.59328376295406	0.0
93.0	17.42490267851955	32.321383611256365	33.14256386419538	17.111149846028702	0.0
94.0	17.45457360140875	32.7350658900478	32.697331501441646	17.113029007101805	0.0
95.0	17.333732832026907	32.63002232682215	32.59812686660932	17.438117974541623	0.0
96.0	17.356840103115676	32.17054637791703	32.78653703185193	17.68607648711537	0.0
97.0	17.296207319073392	32.65313998475595	32.569201231101715	17.481451465068936	0.0
98.0	17.324914445461996	32.55988817660385	32.74883115631176	17.366366221622403	0.0
99.0	17.233507671858295	32.72074050529276	32.59648818639774	17.4492636364512	0.0
100.0	16.906232561719488	32.793588485443244	33.20248609748119	17.09769285535608	0.0
101.0	17.043259296279565	32.85822753178852	32.734245100771766	17.36426807116015	0.0
102.0	17.286286411263603	32.54996494530507	32.718995803040634	17.44475284039069	0.0
103.0	17.127066522102073	32.82160025330788	32.578846873470795	17.472486351119258	0.0
104.0	17.246469894648044	32.77318174410691	32.45971414055235	17.520634220692695	0.0
105.0	17.542212985221862	32.47933646837976	32.70632404631696	17.27212650008141	0.0
106.0	17.389099399089066	32.91518352661997	32.6625712864087	17.03314578788227	0.0
107.0	17.587396877897696	32.52874991635519	32.86524104044585	17.018612165301263	0.0
108.0	17.150196722563887	32.36086175942549	33.169716184728216	17.3192253332824	0.0
109.0	17.334592851281464	32.66063624739986	32.58239346577355	17.422377435545123	0.0
110.0	17.56405000047674	32.54703038739881	32.612820488372314	17.276099123752132	0.0
111.0	17.351245771997522	32.5625267971988	32.83883569148683	17.24739173931685	0.0
112.0	17.224607125519945	32.96909355695371	32.63118818949352	17.175111128032817	0.0
113.0	17.48214506481032	32.546860289292745	32.803628997746145	17.16736564815079	0.0
114.0	17.521521825887003	32.464225309287166	32.69512171946561	17.319131145360217	0.0
115.0	17.645383337289342	32.835509138381205	32.510799905055784	17.008307619273676	0.0
116.0	17.483565581157094	32.55485254081333	32.36608201557594	17.595499862453636	0.0
117.0	17.30616113744076	32.5127962085308	32.75545023696683	17.425592417061612	0.0
118.0	17.240203461112216	32.64849914277325	32.67786271110985	17.43343468500469	0.0
119.0	17.57630246533857	32.368333885392516	32.683480812000184	17.371882837268725	0.0
120.0	17.303946597076454	32.465346721884984	32.67146990412436	17.559236776914204	0.0
121.0	17.048192201951874	32.66696269143197	33.07604372348767	17.208801383128478	0.0
122.0	17.50177028749469	32.53646792239059	32.79705424160883	17.164707548505877	0.0
123.0	17.461290961758017	32.58069690422049	32.39198739420473	17.56602473981676	0.0
124.0	17.31258840169731	32.46393210749646	32.83922677982084	17.384252710985386	0.0
125.0	17.224745143115566	32.61320168083061	32.945787559592226	17.216265616461587	0.0
126.0	17.31312370551685	32.57296177744304	32.747128601016755	17.366785916023346	0.0
127.0	17.395885269188437	32.44466185642656	32.96206056387052	17.197392310514484	0.0
128.0	17.18647190419792	32.97332355761096	32.47231778617487	17.367886752016243	0.0
129.0	17.16430531023338	32.60175128715848	32.771806531624634	17.462136870983503	0.0
130.0	17.375220640703045	32.725241296428436	32.724302399819734	17.175235663048785	0.0
131.0	17.31370175389206	32.85755843960849	32.43527303097698	17.393466775522462	0.0
132.0	17.398480727750165	32.34830723061052	32.656850792459906	17.596361249179402	0.0
133.0	17.308936154257164	32.52842640069742	32.85276389917416	17.30987354587126	0.0
134.0	17.582036702232298	32.43341982744892	32.66479939297993	17.319744077338854	0.0
135.0	17.310609607641165	32.60698567281581	32.69688173049911	17.385522989043917	0.0
136.0	17.269715291166726	32.58802388484361	32.72186137057073	17.420399453418938	0.0
137.0	17.81598443463294	32.37951807228915	32.65453116815086	17.14996632492704	0.0
138.0	17.260624871454482	32.63560383673317	32.80855598975375	17.295215302058597	0.0
139.0	17.304601353119274	32.50383134601727	33.17291518708183	17.01865211378163	0.0
140.0	17.03945832360495	32.91244454821387	32.62946532804109	17.418631800140087	0.0
141.0	17.125467902582916	32.84139385962456	32.495075937905476	17.53806229988705	0.0
142.0	17.506762428877902	32.22833690887044	32.89058856449958	17.374312097752075	0.0
143.0	17.415463215893944	32.49456932156142	32.74629175562413	17.343675706920504	0.0
144.0	17.454653860128	32.5784183117355	32.53090617750906	17.43602165062744	0.0
145.0	17.3112733231537	32.536963241592495	32.774384566682805	17.377378868571004	0.0
146.0	17.32202853499865	32.70542686161549	32.67936750211732	17.293177101268533	0.0
147.0	17.177429105553436	32.564476976162354	32.82117579218557	17.436918126098643	0.0
148.0	17.206660282811004	32.290843505666444	33.02622649052183	17.476269721000715	0.0
149.0	17.167709020620954	32.72031149810889	32.79000827068368	17.321971210586476	0.0
150.0	17.19227518044086	32.44870091869247	32.79704234902883	17.56198155183785	0.0
151.0	17.370150972126794	32.60106590406863	32.79511986778333	17.233663256021245	0.0
152.0	17.186021046379985	32.449286390378795	32.84367402238266	17.52101854085856	0.0
153.0	17.23178255021105	32.58871005148662	32.623962150378034	17.5555452479243	0.0
154.0	17.19891695411891	32.33281406476021	33.13582582248433	17.332443158636547	0.0
155.0	17.39847492332923	32.721511363952224	32.58253110841387	17.297482604304683	0.0
156.0	17.242912317424448	32.61954820365105	32.780705572895926	17.356833906028584	0.0
157.0	17.43610157096174	32.701369152865595	32.464382585190194	17.39814669098248	0.0
158.0	17.427431966022336	32.618371255933596	32.70627642938438	17.247920348659676	0.0
159.0	17.462035033202007	32.41126093631504	32.70073802785639	17.425966002626563	0.0
160.0	17.216608267152353	32.86336362711833	32.54255151946599	17.377476586263324	0.0
161.0	17.139027546681458	32.66315400258828	32.79996302458865	17.397855426141614	0.0
162.0	17.123743347131875	32.61383796570077	33.02317415730337	17.23924452986399	0.0
163.0	17.289732575862544	32.631287238464736	32.8751558819454	17.20382430372731	0.0
164.0	17.3591422476289	32.71150596123122	32.66071313133179	17.268638659808094	0.0
165.0	17.273591611051113	32.72040837048729	32.579177166698976	17.426822851762623	0.0
166.0	17.31560591242088	32.68070343784023	32.63549297853887	17.368197671200015	0.0
167.0	17.289745481372186	32.83566949465142	32.564551825894505	17.31003319808189	0.0
168.0	17.548112372806372	32.63622622032148	32.82609497124318	16.989566435628962	0.0
169.0	17.383012244672326	32.31893271418963	33.14998571915568	17.148069321982366	0.0
170.0	17.380612479852637	32.62997927699747	32.92931153580474	17.060096707345153	0.0
171.0	17.555698766341372	32.717731541152645	32.7499539679617	16.976615724544285	0.0
172.0	17.367457184138114	32.506004803843076	32.82810156170914	17.298436450309673	0.0
173.0	17.271673535472477	32.78812187224021	32.697048866647044	17.24315572564027	0.0
174.0	17.260279011596364	32.61879144021114	32.723627702522506	17.397301845669986	0.0
175.0	17.251682418269407	32.44125326370757	32.86967234214688	17.437391975876146	0.0
176.0	17.43002076862284	32.66003786138323	32.309911963094336	17.600029406899594	0.0
177.0	17.03415835216728	32.828032265769984	32.972272752328976	17.16553662973375	0.0
178.0	17.351933655991992	32.71648589822477	32.63199463664165	17.299585809141586	0.0
179.0	17.55742008922834	32.377402831072025	32.88045972790864	17.184717351790994	0.0
180.0	17.3595366384256	32.54545955224292	32.80522842220244	17.28977538712905	0.0
181.0	17.65466873411566	32.499013680028625	32.60727950014221	17.2390380857135	0.0
182.0	17.099856927987087	32.813015884661944	32.57364540151876	17.5134817858322	0.0
183.0	17.25968370387348	32.851707540683016	32.68118267247307	17.207426082970436	0.0
184.0	17.441945712138708	32.350030241381205	32.91087040193545	17.29715364454464	0.0
185.0	17.56493060327058	32.67921762631121	32.291695295680455	17.464156474737756	0.0
186.0	17.16311277203781	32.48058181285264	33.0576317139298	17.298673701179744	0.0
187.0	17.3004550823635	32.535184184743294	33.0397121169113	17.124648615981908	0.0
188.0	17.400020137852756	32.69288859190642	32.62698289197873	17.280108378262106	0.0
189.0	17.38040335273233	32.438417334651	32.886790381025584	17.294388931591083	0.0
190.0	17.30989123574127	32.87443170903502	32.77655302371957	17.03912403150413	0.0
191.0	17.329979419163045	32.021038188886344	33.087582895037734	17.561399496912873	0.0
192.0	17.2176648650626	32.75627131974357	32.72883572480269	17.29722809039114	0.0
193.0	17.085992210784223	32.84269806732369	32.68727944268709	17.384030279204985	0.0
194.0	17.42503861162644	32.508704751286295	32.58181552324466	17.48444111384261	0.0
195.0	17.526592828160982	32.699126366195124	32.732024710311805	17.04225609533209	0.0
196.0	17.31224357392838	32.303517092025544	32.93493059934026	17.449308734705813	0.0
197.0	17.27823298895618	32.66102143907631	32.58794405926576	17.472801512701764	0.0
198.0	17.222546942354057	32.67516621611748	32.827683203039385	17.27460363848908	0.0
199.0	17.44115982252086	32.31781912465536	32.979714061387334	17.26130699143645	0.0
200.0	17.401146445653364	32.70656102814999	32.82522180437402	17.06707072182263	0.0
201.0	17.271615752399722	32.91452242782583	32.626190736888205	17.187671082886236	0.0
202.0	17.271350917514866	32.44135566013644	33.158221152092224	17.129072270256465	0.0
203.0	17.5909041175827	32.43827273058828	32.6698639629454	17.30095918888362	0.0
204.0	17.296474534252066	32.606000947901855	32.89675161325604	17.200772904590032	0.0
205.0	17.30035078128559	32.820372648170924	32.83677281217257	17.042503758370916	0.0
206.0	17.325875858550894	32.78070287307111	32.879994170052285	17.01342709832571	0.0
207.0	17.30725453237541	32.42093952886971	32.81157519964306	17.460230739111825	0.0
208.0	17.194442421152306	32.77095928326899	32.83105105980042	17.20354723577828	0.0
209.0	17.252084926617865	32.61954186241305	32.64321351833643	17.485159692632653	0.0
210.0	17.38873213798125	33.100027304996814	32.24265040502412	17.268590151997813	0.0
211.0	17.213420571293373	32.46489703433402	33.07095212528778	17.250730269084823	0.0
212.0	17.294238589532483	32.67983369874729	32.84267792323578	17.183249788484456	0.0
213.0	17.38339683723299	32.48247201433157	32.771649676721196	17.36248147171424	0.0
214.0	17.26366305227089	32.73406469556365	32.59045835870681	17.411813893458643	0.0
215.0	17.369970559371932	32.504634172936434	32.81903100352561	17.306364264166028	0.0
216.0	17.574221447000255	32.34129147134707	32.46756786220429	17.61691921944838	0.0
217.0	16.984611471448556	32.96633418724223	32.7810177867408	17.268036554568415	0.0
218.0	17.385499822902762	32.534125275863005	32.81929724182401	17.26107765941022	0.0
219.0	17.328405107434115	32.61165701000781	32.66705414388724	17.392883738670832	0.0
220.0	17.33798124495039	32.38377951469267	33.17628475721016	17.10195448314678	0.0
221.0	17.492012779552716	32.665008713331396	32.450805983154225	17.392172523961662	0.0
222.0	17.2489835922753	32.61035283868157	32.72742122840134	17.413242340641787	0.0
223.0	17.21722720715653	32.57001841754293	32.915687573148496	17.297066802152038	0.0
224.0	17.22614760863847	32.59925080044626	32.98019972607958	17.194401864835694	0.0
225.0	17.33831477384018	32.51387427908158	32.71246690122964	17.4353440458486	0.0
226.0	17.353071825508344	32.490549275217795	32.78789581992403	17.368483079349826	0.0
227.0	17.495060452806932	32.52941069842478	32.554788188591004	17.42074066017728	0.0
228.0	17.216256626342258	32.657333152100044	33.04517239816954	17.081237823388157	0.0
229.0	17.281277181791825	32.28562626848362	32.94614380979994	17.486952739924615	0.0
230.0	17.27858249313803	32.736364377530776	32.5153318658224	17.4697212635088	0.0
231.0	17.196696669503957	32.62129416665157	32.85491786949672	17.327091294347756	0.0
232.0	17.308440999918513	32.5960398011752	32.97358962054885	17.12192957835743	0.0
233.0	17.219466270775246	32.61125393779194	32.539740015208025	17.62953977622479	0.0
234.0	17.291123660584997	32.39212279177527	32.81385751520417	17.502896032435565	0.0
235.0	17.048981549348028	32.749681027228064	32.841074644153075	17.36026277927084	0.0
236.0	17.269330631372302	32.47600351013688	32.75826193944109	17.49640391904973	0.0
237.0	17.487925326965865	32.564533926665575	32.60342613194407	17.344114614424484	0.0
238.0	17.07037006898672	32.56028426506089	32.80259672154863	17.566748944403756	0.0
239.0	17.41677666672694	32.4665931323798	32.60944252572193	17.50718767517133	0.0
240.0	17.435438529887644	32.348979942330814	32.80002892498486	17.415552602796687	0.0
241.0	17.299036532239114	32.85461217259268	32.57623687207389	17.270114423094306	0.0
242.0	17.372092602967488	32.54296712630799	32.96586124012795	17.11907903059657	0.0
243.0	17.544319352332074	32.353578979706164	32.69150839402209	17.41059327393968	0.0
244.0	17.355603331466458	32.41133854853571	32.797962096439086	17.435096023558742	0.0
245.0	17.196882816662303	32.847816075346984	32.78821755266794	17.16708355532278	0.0
246.0	17.473115852392258	32.64651973309978	32.58692766787355	17.293436746634402	0.0
247.0	17.467051814406933	32.50947824517061	32.75230185954143	17.271168080881026	0.0
248.0	17.431962810849843	32.50259511666742	32.751726316739635	17.313715755743107	0.0
249.0	17.593177511054957	32.682970851006225	32.590921396985834	17.13293024095298	0.0
250.0	17.25902065343908	32.68278158243781	32.8686535112651	17.189544252858006	0.0
251.0	17.279182870600124	32.65810677903399	32.819619767746126	17.243090582619757	0.0
252.0	17.262597554923985	32.41936211485542	32.79920602697704	17.518834303243562	0.0
253.0	17.012620316996383	32.54941228473744	32.87867716705908	17.559290231207093	0.0
254.0	17.211244487333268	32.74411305814341	32.80183259530487	17.24280985921844	0.0
255.0	17.205900917960648	32.88878068134682	32.49923352991037	17.40608487078216	0.0
256.0	16.93998431315982	32.7674651328423	33.12627906347761	17.16627149052028	0.0
257.0	17.478414478071993	32.723470987977	32.4386682769436	17.35944625700741	0.0
258.0	17.496868156132557	32.86858873257208	32.57658372162189	17.057959389673478	0.0
259.0	17.42762897004218	32.959912037203935	32.417354627059375	17.19510436569451	0.0
260.0	17.33985797195487	32.43844850582171	33.145885151941165	17.075808370282253	0.0
261.0	17.502613271816315	32.507299138521425	32.70554734527629	17.284540244385973	0.0
262.0	17.25383839111944	32.98313270381316	32.64434513082967	17.118683774237727	0.0
263.0	17.20247963670439	32.74435954732214	32.81463994810063	17.238520867872847	0.0
264.0	17.33987929015404	32.44032069182957	32.88892892532204	17.330871092694352	0.0
265.0	17.211468307226692	32.50794908979544	32.84753060286978	17.43305200010809	0.0
266.0	17.06576849992345	32.68702551309877	32.957195990670115	17.29000999630767	0.0
267.0	17.369890149468755	32.87052043940212	32.468035296236266	17.29155411489285	0.0
268.0	17.703418218492235	32.709901667687205	32.3947339984872	17.191946115333355	0.0
269.0	17.395414157236612	32.72656890017195	32.515011568134966	17.363005374456478	0.0
270.0	17.295852235904082	32.76355584359473	32.716749477929	17.22384244257219	0.0
271.0	17.32972184977548	32.68782564093335	32.7193211370774	17.263131372213774	0.0
272.0	17.273209835446114	32.57249277996203	32.870291230690334	17.28400615390152	0.0
273.0	17.25766407599309	32.261082325849166	32.772920264824414	17.708333333333336	0.0
274.0	17.541256351454653	32.71819776069068	32.6147758442376	17.12577004361707	0.0
275.0	17.60003596798849	32.94667745706321	32.19045049905584	17.26283607589246	0.0
276.0	17.02900505295715	32.71834708960458	32.921544298789804	17.33110355864847	0.0
277.0	17.2219724894363	32.714195810482785	32.80769576553088	17.25613593455003	0.0
278.0	17.297977528089888	32.5285393258427	32.68943820224719	17.484044943820223	0.0
279.0	17.424521603135084	32.49683166003038	32.710750784220316	17.36789595261422	0.0
280.0	17.170355592699433	32.8273978019213	32.886708183934076	17.115538421445194	0.0
281.0	17.20063968949903	32.59451592036225	32.93502479695249	17.269819593186227	0.0
282.0	17.33348906998266	32.34350712944411	32.882595530957154	17.44040826961608	0.0
283.0	17.39853028370196	32.712866306125015	32.66615160716532	17.222451803007708	0.0
284.0	17.363300724930607	32.56708078439827	32.933588451415275	17.136030039255846	0.0
285.0	17.07205346075772	33.017766360680476	32.63154112849624	17.27863905006557	0.0
286.0	17.24469269729516	32.43022378677395	33.06512446567765	17.259959050253244	0.0
287.0	17.226422888342103	32.45029544352449	33.075306668582414	17.247974999550998	0.0
288.0	17.2597401431278	32.667977623934846	33.03702107408704	17.03526115885031	0.0
289.0	17.18764026787798	32.713611146022224	32.90751746054545	17.19123112555434	0.0
290.0	17.341232440195682	32.79026973654683	32.54521789865805	17.323279924599436	0.0
291.0	17.340646122635835	32.48566017073149	32.84381928673375	17.329874419898925	0.0
292.0	17.530963920301563	32.51211631663974	32.65751211631664	17.299407646742058	0.0
293.0	17.273437009251865	33.02493785726464	32.36716709889893	17.334458034584564	0.0
294.0	17.225910640588552	32.93378790597524	32.754351336802436	17.085950116633768	0.0
295.0	17.685470054804597	32.227972768125426	32.53294106039269	17.553616116677283	0.0
296.0	17.304898391117966	32.534572130647675	32.83231395619966	17.32821552203469	0.0
297.0	17.212438578243248	32.77859474193895	32.87722821993472	17.131738459883074	0.0
298.0	17.526401663887544	32.59372814802862	32.67441235006186	17.20545783802198	0.0
299.0	17.314259592890373	32.76058332661091	32.757894359443206	17.167262721055508	0.0
300.0	17.287181601448363	32.81409647408894	32.597200064531165	17.301521859931526	0.0
301.0	17.55359191281904	32.47329366217379	32.7735159162604	17.199598508746774	0.0
302.0	17.351995053807762	32.613507047427895	32.81691024273976	17.217587656024588	0.0
303.0	17.140476467794972	32.99526040873375	32.65479827618646	17.209464847284814	0.0
304.0	17.361117332449403	32.52376302374959	32.92780161794612	17.187318025854886	0.0
305.0	17.59052762626398	32.704588404940395	32.493215466050465	17.211668502745162	0.0
306.0	17.241101410342512	32.81307365122006	32.693082605775686	17.25274233266174	0.0
307.0	17.45218823866485	32.62212592221188	32.579149058090394	17.346536781032878	0.0
308.0	17.570386285305045	32.62700863882548	32.626113423750056	17.17649165211942	0.0
309.0	17.372312429510018	32.57845647075673	32.78164664601944	17.267584453713816	0.0
310.0	17.449676443473823	32.58030735632389	32.603578365122125	17.366437835080152	0.0
311.0	17.355186952279503	32.7965411366627	32.774162362482436	17.074109548575368	0.0
312.0	17.3235112467665	32.75033341985839	32.63307704012674	17.29307829324836	0.0
313.0	17.194310929710085	32.43736741763111	33.074657859169555	17.293663793489255	0.0
314.0	17.305627147766323	32.6093571019473	32.72569444444444	17.359321305841924	0.0
315.0	17.222435960525022	32.82901035189278	32.767274776991414	17.181278910590784	0.0
316.0	17.404760413964596	32.443625499789796	32.58226964945392	17.569344436791685	0.0
317.0	17.276101050748938	32.51956181533646	32.82092555331992	17.38341158059468	0.0
318.0	17.135346346086784	32.960773969724336	32.737238351558936	17.166641332629943	0.0
319.0	17.36926336870904	32.66426457571504	32.61419617870842	17.352275876867505	0.0
320.0	16.852918037476755	32.75371906737233	32.93967243598913	17.45369045916178	0.0
321.0	17.187597758372586	32.520579533977454	33.05417266251352	17.237650045136437	0.0
322.0	17.488628950825237	32.43318112361157	32.87998069825838	17.198209227304815	0.0
323.0	17.520256568309524	32.17555990316154	32.95544894987448	17.348734578654444	0.0
324.0	17.406643266078973	32.74206657556514	32.659896572975	17.191393585380883	0.0
325.0	17.239069867123874	32.6430561508787	32.86183740534362	17.25603657665381	0.0
326.0	17.358729818545505	32.581440205743675	32.81718816973853	17.24264180597228	0.0
327.0	17.301183299843714	32.982362134405	32.551908908238445	17.164545657512836	0.0
328.0	17.033776484138535	32.738100552673636	32.937205917804306	17.290917045383523	0.0
329.0	17.409159896437817	32.47477903758593	32.859566110168736	17.256494955807515	0.0
330.0	17.405936174960946	32.793572863200176	32.685561258647624	17.11492970319125	0.0
331.0	17.416959017344652	32.57634592896102	32.85218214116744	17.154512912526894	0.0
332.0	17.47706258255685	32.63717825140123	32.47831209167827	17.407447074363645	0.0
333.0	17.26467202655554	32.6054949271418	32.80805232584079	17.321780720461867	0.0
334.0	17.4336733327979	32.65511917829001	32.75506652745428	17.1561409614578	0.0
335.0	17.585123848954243	32.367585123848954	32.77982011563994	17.267470911556856	0.0
336.0	17.238456390809727	32.78697300914566	32.67990185143877	17.294668748605844	0.0
337.0	17.334284949594075	32.653225086983674	32.930680703006516	17.08180926041574	0.0
338.0	17.406158567044887	32.61614215371441	32.8123884963962	17.1653107828445	0.0
339.0	17.454483822912856	32.66817123538175	32.656574757142984	17.22077018456241	0.0
340.0	17.158987531438967	33.02028147910312	32.482474447476854	17.338256541981057	0.0
341.0	17.23519811648875	32.749195137829865	32.77773318707583	17.23787355860556	0.0
342.0	17.396926754006543	32.339537496990076	32.810423708407285	17.4531120405961	0.0
343.0	17.249959865146895	32.73131053673677	32.636770660530495	17.381958937585846	0.0
344.0	17.422047061550945	32.25829462064538	32.94486897129762	17.374789346506052	0.0
345.0	17.14993936800057	32.57721663456737	32.77427063271275	17.49857336471931	0.0
346.0	17.201194775088048	32.660157817306406	32.828674602113146	17.3099728054924	0.0
347.0	17.21119302530822	32.7179368319709	32.89622649919324	17.17464364352764	0.0
348.0	17.222197459326942	32.801426342767996	32.83708491196791	17.13929128593715	0.0
349.0	17.169547273748297	32.86209632132065	32.72571688341787	17.242639521513187	0.0
350.0	17.177919577926705	32.761478682446885	32.73830742906031	17.322294310566093	0.0
351.0	17.42857652070078	32.270224028230764	32.76657933664831	17.534620114420147	0.0
352.0	17.052136417091337	32.85431737999359	32.91133601796087	17.182210184954208	0.0
353.0	17.527701571240247	32.577404068835285	32.738625432001996	17.156268927922472	0.0
354.0	17.26475172567357	32.8853262079715	32.54241816967268	17.307503896682253	0.0
355.0	17.280993133911	32.49770685094976	32.857486352423614	17.36381366271562	0.0
356.0	17.487511464520093	32.4612877661327	32.77027327854109	17.28092749080612	0.0
357.0	17.165547819583683	32.412436118876755	32.89499456899161	17.527021492547945	0.0
358.0	17.513219035410994	32.554433940429774	32.51437625736616	17.41797076679307	0.0
359.0	17.292731124601662	32.396610350536754	33.028609068736536	17.282049456125044	0.0
360.0	17.203573844018084	32.88897590147012	32.573060904851744	17.334389349660057	0.0
361.0	17.406702140912245	32.484739549038096	33.009734655015926	17.098823655033723	0.0
362.0	17.21450054279155	32.62266199213397	32.952786033350534	17.21005143172394	0.0
363.0	17.449640543810947	32.41511851377322	32.84664388924479	17.288597053171046	0.0
364.0	17.439656936449612	32.521641651616115	32.7485119974377	17.29018941449657	0.0
365.0	17.279173005239887	32.63319900006228	32.76308414956364	17.3245438451342	0.0
366.0	17.3630264960763	32.96261366265103	32.53465487481538	17.139704966457284	0.0
367.0	17.237391126413463	32.60024377007322	32.76661239668686	17.39575270682645	0.0
368.0	17.42484230006139	32.45816169470716	33.02668220682047	17.09031379841099	0.0
369.0	17.267332722436237	32.61745682944405	33.055167566701954	17.060042881417754	0.0
370.0	17.358003825112306	32.75541520259752	32.386247386914555	17.500333585375614	0.0
371.0	17.231593181737303	32.440126685883065	32.95434326180563	17.373936870574	0.0
372.0	17.395867614227644	32.62681336665807	32.61525051365751	17.362068505456776	0.0
373.0	17.44652465869169	32.53435318183839	32.92746920442923	17.09165295504069	0.0
374.0	17.403138008325328	32.66357135233216	32.52481588216459	17.408474757177927	0.0
375.0	17.392503001467386	32.6026057183512	32.700431321979636	17.304459958201786	0.0
376.0	17.31928514270472	32.43087045434338	32.830088023472925	17.419756379478972	0.0
377.0	17.28080078941052	32.56229497995359	32.92766403826152	17.229240192374366	0.0
378.0	17.164829302987197	32.77115931721195	32.55956614509246	17.504445234708392	0.0
379.0	17.259496990656366	32.476018598365975	32.92497532960536	17.339509081372295	0.0
380.0	17.31242722416291	32.607130476520624	32.8169026603735	17.263539638942962	0.0
381.0	17.34307503599808	32.41960428777132	32.87291344461629	17.364407231614315	0.0
382.0	17.369932177174906	32.51495568849501	32.92207041840372	17.193041715926363	0.0
383.0	17.274908896986936	32.89752022042485	32.47889076526531	17.348680117322903	0.0
384.0	17.211009500448803	32.81698527385999	32.56725411256565	17.40475111312555	0.0
385.0	17.149610357298357	32.744204231421996	32.69533228480793	17.41085312647171	0.0
386.0	17.33022950003998	32.47652133737306	32.892340225146384	17.300908937440582	0.0
387.0	17.08049428340455	32.85243455009017	32.66410226798263	17.40296889852266	0.0
388.0	17.34624095208491	32.62311825569519	32.827390203827875	17.203250588392024	0.0
389.0	17.673542967258392	32.43080038007619	32.57554902361267	17.32010762905274	0.0
390.0	17.30091207005266	32.831857621157894	32.61427518405698	17.252955124732463	0.0
391.0	17.499378352456397	32.62850342794217	32.52726368512664	17.344854534474795	0.0
392.0	17.394856493321967	32.355605285592496	32.69128303495311	17.558255186132424	0.0
393.0	17.305336056112935	32.72129983130604	32.71242120216639	17.26094291041463	0.0
394.0	17.515739745855274	32.4447443900793	32.84878300018648	17.19073286387895	0.0
395.0	17.331167159382463	32.46331264814766	33.074102680196376	17.131417512273504	0.0
396.0	17.472039765666608	32.67708148411149	32.528847860820164	17.32203088940174	0.0
397.0	17.294654266647736	32.365469260258415	32.962693454493824	17.37718301860003	0.0
398.0	17.125439250346076	32.878110247399995	32.95442444894047	17.042026053313457	0.0
399.0	17.278309169313765	32.57883622295966	32.79178719099927	17.351067416727297	0.0
400.0	17.384900671653046	32.64837144099302	32.80364130000798	17.163086587345948	0.0
401.0	17.28341392006388	32.86519096837156	32.826154460364634	17.02524065119993	0.0
402.0	17.17058802654459	32.778842400369065	32.59253344689307	17.458036126193264	0.0
403.0	17.156823605603314	32.47633495683957	32.856927403543324	17.50991403401379	0.0
404.0	17.36711825610178	32.53573234675681	32.96514155421291	17.132007842928502	0.0
405.0	17.376031225051005	32.590259913066625	32.85106005499867	17.182648806883705	0.0
406.0	17.273711102437638	32.7617712805592	32.80701131888017	17.157506298122982	0.0
407.0	17.325907268792793	32.80357586292526	32.66699776508567	17.20351910319628	0.0
408.0	17.449717995104823	32.60349047568373	32.870419637472956	17.0763718917385	0.0
409.0	17.465061010215663	32.594353007945514	32.633371169125994	17.307214812712825	0.0
410.0	17.214408598336377	32.675629179007856	32.82106308639129	17.288899136264476	0.0
411.0	16.97746801096007	32.72946538621833	33.09391432346395	17.199152279357648	0.0
412.0	17.43868484988207	32.63845785525546	32.67747255670432	17.24538473815815	0.0
413.0	17.40718738085316	32.66152986761954	32.80251106126032	17.128771690266976	0.0
414.0	17.184632163218982	32.56754240519236	33.04900648158821	17.198818950000444	0.0
415.0	17.19992552993431	32.62143496724204	32.839525873915086	17.33911362890857	0.0
416.0	17.21270786795731	32.54086444704464	32.84579654646669	17.40063113853136	0.0
417.0	17.35323312535451	32.786798071469086	32.77350397050482	17.086464832671584	0.0
418.0	17.401515487215846	32.45181016528559	33.00128506225905	17.14538928523951	0.0
419.0	17.137995515655327	32.94309490681248	32.85801643078069	17.06089314675151	0.0
420.0	17.178582822303355	32.52809187905427	32.87015703094537	17.423168267696997	0.0
421.0	17.107921318447634	32.72815878079036	33.01878433457381	17.145135566188195	0.0
422.0	17.394848530493263	32.6658455976821	32.69508510468629	17.244220767138337	0.0
423.0	17.478979684052913	32.30527966544694	32.82624682148015	17.389493829019997	0.0
424.0	17.36229855321562	32.67712698567391	32.8312852725678	17.129289188542675	0.0
425.0	17.390110133524715	32.66703879925219	32.583751982492046	17.359099084731046	0.0
426.0	17.541108512297114	32.73265291657807	32.5714083209299	17.154830250194912	0.0
427.0	17.469457905507767	32.62223482197436	32.71702826970951	17.191279002808365	0.0
428.0	17.451192289976262	32.62232930588527	32.67813485455125	17.248343549587215	0.0
429.0	17.43539330818145	32.57523424907452	32.82321058504702	17.166161857697006	0.0
430.0	17.381024069711838	32.81291510954464	32.35684808983192	17.449212730911604	0.0
431.0	17.520432830666515	32.67659013025653	32.80764360538736	16.995333433689595	0.0
432.0	17.30818612476203	32.398282197724356	32.86846416080046	17.425067516713153	0.0
433.0	17.223584396271676	32.798102201410956	32.90078160268383	17.07753179963354	0.0
434.0	17.424021105002698	32.59678290353137	32.763214971803926	17.215981019662003	0.0
435.0	17.27816832822765	32.817452587962386	32.70412409470012	17.20025498910984	0.0
436.0	17.40335159922451	32.6953550340383	32.771487504536964	17.12980586220023	0.0
437.0	17.514029280036823	32.53907840464515	32.61077377896582	17.33611853635221	0.0
438.0	17.43571586634211	32.35494578446559	33.07457402080106	17.134764328391235	0.0
439.0	17.065054824464365	32.74069223076719	32.99025637848793	17.203996566280523	0.0
440.0	17.25584235162949	32.7056658201414	33.00298201060074	17.035509817628373	0.0
441.0	17.335787415161626	32.716863258678515	32.78588431009919	17.161465016060667	0.0
442.0	17.34114274591687	32.78626156813477	32.77387503760197	17.0987206483464	0.0
443.0	17.444195737377132	32.81901105026144	32.48546833113626	17.251324881225173	0.0
444.0	17.406073902389398	32.650985040825894	32.911067665714214	17.031873391070494	0.0
445.0	17.542571542306163	32.52598522712194	32.602061126100224	17.329382104471673	0.0
446.0	17.47910309141568	32.666401309097346	32.58237141214453	17.272124187342445	0.0
447.0	17.295461179863242	32.46171946181677	32.878360328005165	17.364459030314823	0.0
448.0	17.375535189837585	32.6554262057252	33.0243091185733	16.94472948586391	0.0
449.0	17.466650153922366	32.750964226318956	32.57581118856375	17.20657443119493	0.0
450.0	17.366572598837568	32.54186608161785	32.7205654685551	17.37099585098948	0.0
451.0	17.315278342856132	32.700642125559426	32.83419716615662	17.149882365427818	0.0
452.0	17.42930181953278	32.62509840691369	32.6772872420412	17.268312531512326	0.0
453.0	17.630356905930743	32.6434036530892	32.461191455486265	17.265047985493787	0.0
454.0	17.526794241448833	32.92950373173924	32.19907325527926	17.344628771532665	0.0
455.0	17.433204250879704	32.607465563276925	32.42268314678267	17.536647039060703	0.0
456.0	17.34056004031866	32.45652039363743	33.00206014199949	17.20085942404442	0.0
457.0	17.383154432439124	32.657518258501476	32.56644679835187	17.392880510707528	0.0
458.0	17.34793144312574	32.87670021401914	32.58750906486018	17.187859277994942	0.0
459.0	17.55519988681481	32.417830204529174	32.703445958492864	17.323523950163146	0.0
460.0	17.132978441186353	32.812196027801846	32.80600604849407	17.24881948251773	0.0
461.0	17.286232204438942	32.73145282518348	32.846405517729245	17.13590945264833	0.0
462.0	17.36712263358475	32.653656724996246	32.763301000061894	17.215919641357115	0.0
463.0	17.384268470619446	32.551620462483974	32.81867621700491	17.245434849891677	0.0
464.0	17.362388566577046	32.739316541672565	32.73401018819867	17.16428470355172	0.0
465.0	17.32094059799959	32.55303907956525	32.908549041803376	17.217471280631784	0.0
466.0	17.1561215015254	32.61528938409161	32.877923685723125	17.35066542865986	0.0
467.0	17.54567482004209	32.54894678198122	32.473780088785134	17.43159830919156	0.0
468.0	17.31337212387033	32.73791627610845	32.736147710591936	17.212563889429283	0.0
469.0	17.284769383135256	32.41192699490662	32.945140067911716	17.358163554046406	0.0
470.0	17.252752111057077	32.70524780052169	33.0244484725231	17.01755161589814	0.0
471.0	17.05908877905589	32.698207796571204	32.82552762575043	17.41717579862247	0.0
472.0	17.159151193633953	32.51547303271441	33.08841732979664	17.236958443854995	0.0
473.0	17.456513472643504	32.74555407185999	32.723446025415406	17.074486430081095	0.0
474.0	17.277116530781882	32.448755814159135	33.024423889782994	17.249703765275985	0.0
475.0	17.286112216474333	32.75235442366362	32.66480965645311	17.29672370340894	0.0
476.0	17.2096354857537	32.57724483118445	33.059195981677014	17.153923701384834	0.0
477.0	17.512005730912435	32.70334568545427	32.923561302190656	16.861087281442632	0.0
478.0	17.107636800962116	32.75529694740193	32.804817657670405	17.33224859396555	0.0
