# Position (bp)	A	C	G	T	N
0.0	14.629752187660857	34.31869990440474	37.39980880947129	13.651739098463123	0.0
1.0	14.167731480038645	35.29155109545922	35.896157322280054	14.644560102222085	0.0
2.0	14.480813889196062	33.36558664160123	36.30155921707398	15.852040252128718	0.0
3.0	16.090838992115017	34.126806457229556	34.6267691465811	15.155585404074323	0.0
4.0	15.744457622479702	35.124532433172156	34.37186388103275	14.75914606331539	0.0
5.0	15.260144912228817	35.62390418048543	34.38602420836942	14.729926698916326	0.0
6.0	15.36522937586139	35.20771805473518	34.36700137822406	15.060051191179365	0.0
7.0	15.325188977396639	34.81989391391133	34.370783817251	15.484133291441033	0.0
8.0	14.952427251892491	34.44683658587402	35.08403361344538	15.51670254878811	0.0
9.0	15.06986191420007	34.606627463185305	34.47067110026372	15.852839522350898	0.0
10.0	15.442853375118295	33.979241975270334	34.9333664303334	15.644538219277967	0.0
11.0	15.512936065840217	34.266168235346264	34.1952452016135	16.02565049720002	0.0
12.0	15.804241159551069	34.253567198691556	34.06181264452089	15.880378997236477	0.0
13.0	15.7793283197133	34.120218282518394	34.12972063095594	15.97073276681237	0.0
14.0	15.590437409693944	34.272954157362406	34.35833442795219	15.778274004991463	0.0
15.0	15.749818330167392	34.16157778656025	34.2036486951644	15.884955188107957	0.0
16.0	15.845686286671215	34.05445636668114	34.20331203870248	15.89654530794517	0.0
17.0	15.735290555434439	34.24169755105007	34.17145071821331	15.851561175302182	0.0
18.0	15.739852420376884	33.98239941252413	34.391026779897906	15.88672138720108	0.0
19.0	15.865206089862607	33.99902525064984	34.08257519494987	16.053193464537692	0.0
20.0	15.948334776071803	34.081279329354416	34.028885142831115	15.941500751742677	0.0
21.0	16.016381152722918	33.9819404504817	34.00431907442012	15.997359322375267	0.0
22.0	16.00875745373732	33.85041916958215	34.19807688076221	15.942746495918323	0.0
23.0	15.80917455082024	34.037843937158236	34.0899227497613	16.063058762260223	0.0
24.0	16.00385067921703	33.779013798267194	34.154455021927475	16.062680500588296	0.0
25.0	15.98137845855018	33.92519714131892	34.01809371998015	16.075330680150746	0.0
26.0	15.970180377437181	34.21436763632572	33.68574705453029	16.129704931706808	0.0
27.0	15.78567674248436	34.13960486854716	34.123115293050674	15.951603095917799	0.0
28.0	16.02105134324705	34.102360116679925	33.93305183281317	15.94353670725986	0.0
29.0	15.965275324282038	33.987785797203856	34.087720183717764	15.959218694796345	0.0
30.0	15.93234579261645	33.96213204773002	34.328208923874016	15.777313235779514	0.0
31.0	15.985365998750755	33.75338336919126	34.172772429383016	16.08847820267497	0.0
32.0	15.929629957420028	33.601793669056256	34.20263346805519	16.265942905468528	0.0
33.0	16.08736793842492	33.81946950999424	33.86824571501039	16.224916836570447	0.0
34.0	15.993419142552986	34.12271363592374	33.868189296428916	16.01567792509436	0.0
35.0	15.959716322961311	34.049893332820815	34.12869251023428	15.861697833983587	0.0
36.0	16.040518994472077	33.82056692221766	34.001012020125835	16.137902063184427	0.0
37.0	15.991005948597289	33.839644032902285	34.08062389116059	16.08872612733983	0.0
38.0	16.04604246012293	34.128360797918475	33.72770466458011	16.097892077378482	0.0
39.0	15.95808495482323	34.04285232257339	34.01379672327822	15.98526599932516	0.0
40.0	15.893712602755047	33.9021753313326	34.1678006225884	16.03631144332395	0.0
41.0	15.88926283388498	33.80153719207484	34.24007268749015	16.069127286550035	0.0
42.0	15.803161370049985	33.947839238615195	34.14796097165096	16.101038419683864	0.0
43.0	16.17490550111931	34.024184373738485	33.825094498880695	15.975815626261515	0.0
44.0	16.037442922374428	33.778082191780825	34.227397260273975	15.957077625570776	0.0
45.0	15.948405159484052	34.09204534092045	33.97114833971148	15.988401159884011	0.0
46.0	16.077441077441076	33.993157380254154	33.89178523587126	16.03761630643351	0.0
47.0	16.119930407190054	33.96255329889751	33.89674662628121	16.020769667631228	0.0
48.0	15.922800718132853	33.83572710951526	34.07450628366247	16.166965888689408	0.0
49.0	15.862112145687426	34.04620710011538	33.986279192493804	16.105401561703385	0.0
50.0	15.891248362576746	33.93721205856406	34.04592805139949	16.1256115274597	0.0
51.0	15.922068004013818	33.90787756080667	33.972702489099646	16.19735194607987	0.0
52.0	15.90118825371827	33.84886262088248	33.976270316661214	16.273678808738048	0.0
53.0	15.867587957413805	33.76048790805895	33.851265599661566	16.520658534865685	0.0
54.0	15.946624969254014	34.01208756456657	33.926877262026075	16.114410204153344	0.0
55.0	16.109339966367713	33.69885089686099	33.79344170403588	16.398367432735427	0.0
56.0	16.20633063882536	33.997939836234444	33.653997241475636	16.141732283464567	0.0
57.0	15.824921684650192	33.76261747302471	34.289940828402365	16.122520013922728	0.0
58.0	15.896728521979023	33.75495579904397	34.08722206317397	16.261093615803034	0.0
59.0	16.047439035994497	33.76960406916895	33.97721472997638	16.205742164860165	0.0
60.0	16.017700641777655	33.782175143192326	33.85118349320268	16.34894072182734	0.0
61.0	15.881755768535886	33.82401018634823	34.25331658550854	16.040917459607343	0.0
62.0	16.098523858565052	33.666323377960865	33.874013044970816	16.361139718503264	0.0
63.0	16.015203657095896	33.61069734792063	34.04386460526992	16.33023438971356	0.0
64.0	16.215546767567197	33.849793729020575	33.99072421185695	15.943935291555276	0.0
65.0	16.028765209093077	33.93118843938516	34.04365904365904	15.996387307862717	0.0
66.0	15.997143974295769	33.87790490114411	33.895755061795555	16.229196062764565	0.0
67.0	15.912752930002206	34.1355857460269	33.854882206278944	16.096779117691955	0.0
68.0	16.1079901181089	34.04599140410843	33.74056651663339	16.105451961149278	0.0
69.0	16.12846035002406	33.726751597734044	34.065293923967275	16.079494128274614	0.0
70.0	16.271997439072674	34.02832183443268	33.68040637873083	16.01927434776382	0.0
71.0	16.046394351991932	33.77038157673559	33.964531854093124	16.21869221717936	0.0
72.0	16.10595271046694	34.02195885022185	33.549734531088795	16.322353908222407	0.0
73.0	15.986237956118835	33.95307176520815	34.05938439129743	16.001305887375587	0.0
74.0	16.07087660086382	33.90447865932615	34.08826993926534	15.936374800544689	0.0
75.0	15.987855635535611	33.88661367408729	34.08512732398595	16.04040336639114	0.0
76.0	16.07504184257201	33.673070037387696	34.016137493442585	16.23575062659772	0.0
77.0	16.063873118261693	33.70878047564027	34.125235866701026	16.102110539397014	0.0
78.0	16.255413769643067	33.78441166221396	33.87816736637738	16.082007201765595	0.0
79.0	15.94749047540169	33.886864336591024	34.13036276296174	16.03528242504555	0.0
80.0	16.283741887478815	33.94485552478194	33.633169360505974	16.13823322723327	0.0
81.0	15.854332950896799	33.927348064018226	34.11636525715417	16.1019537279308	0.0
82.0	16.076256099169196	33.560266385335616	34.04572728471581	16.317750230779374	0.0
83.0	16.069429813010274	33.863082696865945	33.99970371345799	16.067783776665788	0.0
84.0	16.19715995003616	33.74038524751825	33.77407796989021	16.288376832555386	0.0
85.0	16.0567171037516	33.71434667016772	34.050776249712804	16.178159976367873	0.0
86.0	15.99518005131442	33.770790127302384	33.80275917470675	16.43127064667645	0.0
87.0	16.149231008487963	33.97722901132001	33.50904045902122	16.3644995211708	0.0
88.0	16.031651312401397	33.86003776577048	33.69654958187897	16.411761339949155	0.0
89.0	15.851009977302047	33.998758960792955	33.81505249922435	16.335178562680643	0.0
90.0	16.213747430920304	33.57012364205787	34.20709229112974	16.00903663589208	0.0
91.0	16.1741227069825	33.89348668990909	33.67355250724968	16.25883809585872	0.0
92.0	16.056814668987844	34.078225924539964	33.73899744561769	16.1259619608545	0.0
93.0	16.08277408556897	33.83679173234104	34.03422108838011	16.046213093709884	0.0
94.0	16.310433808851453	33.9573494327864	33.700115227940344	16.032101530421798	0.0
95.0	16.015400202634243	33.67781155015198	34.2549138804458	16.051874366767986	0.0
96.0	16.161943319838056	33.94898785425101	34.025101214574896	15.863967611336033	0.0
97.0	16.171355540096744	33.81651108990018	33.839160047239254	16.17297332276382	0.0
98.0	16.18609687899016	33.97876226341905	33.77511273456062	16.060028123030175	0.0
99.0	16.175449362897886	33.78256165113612	33.86088725957268	16.181101726393308	0.0
100.0	16.208498693253315	34.200464621043466	33.57613009389217	16.014906591811055	0.0
101.0	16.077515007453368	34.02360904073164	33.91966479996777	15.979211151847226	0.0
102.0	15.96481061154843	33.92250607685002	34.03679915004588	16.075884161555674	0.0
103.0	15.963879641691193	33.79649732233319	33.77317830205368	16.466444733921936	0.0
104.0	16.05372664320946	33.917353512957696	33.96073327870696	16.06818656512588	0.0
105.0	16.029787029161117	33.9637933524852	33.769599897286106	16.236819721067583	0.0
106.0	16.033697778062777	34.053672769245566	33.68334989900285	16.229279553688798	0.0
107.0	16.095525639280194	33.8231878718957	33.88565433621373	16.19563215261038	0.0
108.0	16.10386492758262	34.17700248059534	33.76170280867408	15.957429783147955	0.0
109.0	16.184264166326948	33.935237364411726	33.739398735441995	16.141099733819335	0.0
110.0	16.073924398405865	34.05985192757709	33.80667523900039	16.05954843501665	0.0
111.0	16.02330314033758	33.94676988148916	33.921232193447985	16.10869478472527	0.0
112.0	16.0518047115492	33.99444949519116	33.77195081104359	16.181794982216054	0.0
113.0	15.965194664456806	34.05631962262346	33.94635771087985	16.032128002039872	0.0
114.0	16.330690105410657	33.81182127957708	33.76325594726283	16.094232667749434	0.0
115.0	16.16560195387394	34.26121130637475	33.582606066874035	15.99058067287727	0.0
116.0	16.22891393866162	33.654228341574324	33.866480118288635	16.250377601475428	0.0
117.0	16.13028798411122	34.104468718967226	33.76444885799404	16.000794438927507	0.0
118.0	16.26234401295526	33.695583145460894	33.76861524783285	16.273457593750994	0.0
119.0	16.038012739661912	34.12896726240054	33.622871104130475	16.210148893807062	0.0
120.0	16.096582666804068	34.07741516119571	33.599416572203154	16.22658559979707	0.0
121.0	15.939859153813856	34.05657612268986	33.721492114039464	16.282072609456815	0.0
122.0	16.153931410114318	33.994901675163874	33.74631875613541	16.104848158586403	0.0
123.0	16.270365651977812	33.862174288042915	34.00223141869169	15.865228641287576	0.0
124.0	16.04479382503203	33.97102320358098	33.83499675750913	16.14918621387786	0.0
125.0	15.87162343717894	34.061991243460255	33.857303175431106	16.209082143929695	0.0
126.0	16.125083902554586	33.76475697871836	33.95427804319501	16.15588107553204	0.0
127.0	16.08742669055719	33.941384019133466	33.703004996487465	16.26818429382188	0.0
128.0	16.091954022988507	33.827972767219684	33.91080712217673	16.16926608761508	0.0
129.0	15.967453265317385	33.89102205262037	33.87604172415696	16.265482957905277	0.0
130.0	16.100059090013787	33.90269844396297	33.84991136497932	16.147331101043925	0.0
131.0	16.09319391515228	33.803659727252686	34.072942584485524	16.03020377310951	0.0
132.0	16.10905657408136	33.9208434967346	33.717837752773626	16.25226217641042	0.0
133.0	15.972883062137738	34.1423324656123	33.94493248291429	15.939851989335683	0.0
134.0	16.186920295551012	33.76906146832259	33.91447885552586	16.129539380600537	0.0
135.0	16.12340616088053	33.75364334142528	34.033326262697685	16.089624234996506	0.0
136.0	16.086908725422454	33.87147433884038	33.93900370626295	16.102613229474212	0.0
137.0	16.213077188686945	33.699030040493454	33.89914304548451	16.188749725335093	0.0
138.0	15.959090516937122	33.87345981600144	33.91816534772276	16.24928431933867	0.0
139.0	16.106577616819134	33.85618763179142	33.82169649366225	16.21553825772719	0.0
140.0	15.810093950055244	34.316452621433776	33.58303100586894	16.29042242264204	0.0
141.0	15.94609198192625	33.73479823647797	34.046468648932255	16.27264113266353	0.0
142.0	16.099340184560475	33.51831124817044	34.05132941461926	16.33101915264983	0.0
143.0	15.987921836131234	33.593566656757986	34.09108687829529	16.327424628815496	0.0
144.0	16.171882940711956	33.941876920430644	33.753449933933275	16.13279020492412	0.0
145.0	16.057698318434706	33.91260861411515	33.70631993498781	16.323373132462336	0.0
146.0	16.057550360470838	33.884258789161656	33.77959336702414	16.278597483343358	0.0
147.0	15.96651778742543	33.87028765968079	34.03972889402505	16.123465658868728	0.0
148.0	16.048881744260456	33.91678242005213	33.882446584364715	16.15188925132271	0.0
149.0	16.09463486169831	33.69319334154979	33.93188661289568	16.280285183856222	0.0
150.0	16.03287355067096	33.86615100312673	33.96283791686485	16.13813752933746	0.0
151.0	16.163772949721018	33.990523986160035	33.766092079423956	16.07961098469499	0.0
152.0	15.974050248438498	34.037631812588586	33.80944222052616	16.178875718446754	0.0
153.0	16.358668576410512	33.80557977332171	33.72150952796114	16.11424212230664	0.0
154.0	16.233463035019454	33.94708171206226	33.726848249027235	16.09260700389105	0.0
155.0	16.200973909796662	33.812250105014236	33.852700032671095	16.134075952518007	0.0
156.0	16.13838903836882	33.86472152666532	33.98758884551379	16.009300589452074	0.0
157.0	16.263954970923905	33.827782442392014	33.797462449855395	16.110800136828686	0.0
158.0	16.07944920193339	33.967953001880545	33.64546259888411	16.30713519730196	0.0
159.0	15.993660954274972	33.88282087534763	34.01100010875814	16.11251806161925	0.0
160.0	16.31892408159462	33.97187516985938	33.58750766793754	16.121693080608466	0.0
161.0	15.97826930539387	34.249126891734576	33.66239813736903	16.110205665502523	0.0
162.0	16.063892509154098	33.87016694594427	33.990411469000186	16.075529075901446	0.0
163.0	16.17273037436804	33.843553239663784	33.755931887968735	16.227784497999444	0.0
164.0	16.046502615772138	34.143770587095524	33.784150358457666	16.025576438674673	0.0
165.0	15.935606823569515	33.6468291473637	34.064393176430485	16.35317085263631	0.0
166.0	16.080195765638795	33.78273731162978	33.912060340421576	16.22500658230985	0.0
167.0	15.954614408222657	33.81706448716758	34.00204328039379	16.226277824215966	0.0
168.0	15.93358555965617	34.066027590155436	33.806837963930086	16.19354888625831	0.0
169.0	15.985026605618117	33.895866848162356	33.91752258383863	16.201583962380894	0.0
170.0	16.00599973712492	33.876866219779025	33.96423352585067	16.152900517245378	0.0
171.0	16.1288079009598	33.79159518400024	33.90674023585416	16.17285667918579	0.0
172.0	15.940338626954212	33.9159920904653	33.91444725946982	16.22922202311067	0.0
173.0	16.31203483524289	33.9172662981378	33.90722954819184	15.863469318427473	0.0
174.0	15.887605244676992	34.25323547797097	33.86428356446646	15.994875712885575	0.0
175.0	16.09085438301418	33.85668214853334	33.830450414307094	16.222013054145386	0.0
176.0	16.074527072360052	33.67291067393634	33.90349422769933	16.349068026004275	0.0
177.0	15.937157922326206	34.03123602781332	33.95491898058926	16.076687069271212	0.0
178.0	15.900020032977363	34.111537453962676	33.857272741281804	16.131169771778158	0.0
179.0	16.078540121245734	33.55441037136321	34.145232978223525	16.221816529167533	0.0
180.0	16.286215978928887	33.66449486314557	33.8986183632919	16.150670794633644	0.0
181.0	16.25887316569915	33.76807354141324	33.8512233805029	16.121829912384705	0.0
182.0	16.008404008065387	33.869999538241316	33.84998999522849	16.271606458464806	0.0
183.0	16.155656749023105	33.92126396110889	33.84895849358481	16.074120796283193	0.0
184.0	16.271022216070318	33.78934336094001	33.867011173399156	16.072623249590514	0.0
185.0	16.08191630023677	34.046462285907566	33.835829156545	16.03579225731066	0.0
186.0	16.029232081517854	33.75060515941628	34.095642083746384	16.124520675319488	0.0
187.0	16.0677653566901	33.98102262686796	33.68522146671277	16.26599054972917	0.0
188.0	16.136663901434847	33.75733554551879	34.02617752788276	16.07982302516361	0.0
189.0	16.162500479975424	34.08439887877741	33.66125254386975	16.091848097377415	0.0
190.0	16.249808076155382	33.937509596192236	33.944418854598496	15.868263473053892	0.0
191.0	16.02213336812457	33.67894336958274	33.979785266421594	16.3191379958711	0.0
192.0	16.15452487819849	33.85660029922891	33.812866843135	16.176007979437603	0.0
193.0	15.985489350932225	34.09005499014472	33.72422097294976	16.200234685973296	0.0
194.0	16.06658181650898	34.0039562663886	33.843712143284314	16.085749773818105	0.0
195.0	16.43211920529801	33.5993070885455	33.9043720873191	16.06420161883738	0.0
196.0	16.216464746316007	33.93947753588205	33.911890694805244	15.932167022996696	0.0
197.0	16.22025405678736	33.71768743966535	33.85176445350209	16.210294050045203	0.0
198.0	16.12853805201272	33.76307020567621	34.067179899651464	16.04121184265962	0.0
199.0	16.305305159644945	33.67057003469377	33.94245276516225	16.08167204049904	0.0
200.0	16.114854517611025	33.800153139356816	34.079632465543646	16.005359877488516	0.0
201.0	15.99712177347745	34.014360513181664	33.72653786092654	16.261979852414342	0.0
202.0	16.131253921853716	34.04169026155895	33.72028956672125	16.106766249866084	0.0
203.0	16.154446297174502	33.76447551591733	33.89756612461564	16.183512062292525	0.0
204.0	16.215038306852417	33.64962610676984	34.164207178138334	15.971128408239412	0.0
205.0	16.20470876012842	33.79452683075982	33.88702033328237	16.113744075829384	0.0
206.0	16.141654057193513	33.93247436073793	33.75441331560365	16.171458266464917	0.0
207.0	16.13972891612292	33.679191943888384	34.04746259989915	16.133616540089545	0.0
208.0	16.142090108530446	33.90717248016131	33.90717248016131	16.04356493114694	0.0
209.0	16.303659085877438	33.85856827672553	33.73336692394018	16.104405713456853	0.0
210.0	16.031443180950927	33.93879264290621	33.850263298481266	16.179500877661603	0.0
211.0	16.26150254085977	33.7064505791329	34.001739687771824	16.030307192235497	0.0
212.0	16.150982546075916	33.633131941901624	33.91919931648968	16.29668619553277	0.0
213.0	16.310715157432266	33.7251342445692	33.874633878447646	16.089516719550893	0.0
214.0	16.2591519219036	33.73245881635143	34.00930445393532	15.999084807809641	0.0
215.0	16.090139556165635	33.92663768779074	33.80843437809807	16.17478837794555	0.0
216.0	16.082156689335488	33.88124790338812	33.894971181116766	16.141624226159617	0.0
217.0	16.273822228998323	33.9076078670529	33.86720536667175	15.951364537277025	0.0
218.0	16.21646341463415	33.703506097560975	34.02515243902439	16.054878048780488	0.0
219.0	16.24865680513958	33.70523636419062	33.86984918112744	16.17625764954236	0.0
220.0	16.192863619393034	33.85780574963998	33.94619141592313	16.00313921504385	0.0
221.0	16.174868383960746	33.7546570364106	33.90627261853062	16.164201961098033	0.0
222.0	16.243078774400416	33.707035087852915	33.88753912824926	16.162347009497406	0.0
223.0	16.520732765840805	33.572157334510955	33.58053267142792	16.32657722822032	0.0
224.0	16.293730252388748	33.96322661692489	33.654878373748524	16.088164756937836	0.0
225.0	16.195515626784424	33.78506985420076	34.04545281510526	15.97396170390955	0.0
226.0	16.197472594397077	33.7644640682095	33.9045371498173	16.133526187576127	0.0
227.0	16.063450018648336	33.83645788139657	34.11123543336454	15.98885666659055	0.0
228.0	16.30059211227301	33.68190328325495	33.88967532764053	16.127829276831516	0.0
229.0	16.06373750133167	33.97659305705633	33.67373339218044	16.28593604943157	0.0
230.0	16.277813700505877	33.87699212658325	33.934045871210685	15.911148301700202	0.0
231.0	16.173808545916426	33.718949177809215	33.830754955201634	16.27648732107273	0.0
232.0	15.838790395570463	33.864969082985375	34.141815167210474	16.15442535423369	0.0
233.0	16.053720265255215	33.919662955527166	33.893806655715764	16.132810123501855	0.0
234.0	16.207748754800196	33.91886240066918	33.721151287023304	16.152237557507316	0.0
235.0	16.13212281582189	34.0845841507368	33.754581261310584	16.028711772130723	0.0
236.0	16.2871328533086	33.83566122520358	34.08581139133675	15.791394530151079	0.0
237.0	16.390713373471993	33.955938697318004	33.77425044091711	15.87909748829289	0.0
238.0	16.215045263485933	34.04452619657503	33.76329211100386	15.977136428935188	0.0
239.0	16.22018041844311	33.89951589491044	33.7133216296938	16.166982056952644	0.0
240.0	15.952491318191145	34.076764667887566	33.81384074105033	16.156903272870963	0.0
241.0	16.12533144910689	33.792993412805146	33.976097675867464	16.1055774622205	0.0
242.0	16.20605305539518	34.05451396274575	33.66024491780364	16.079188064055426	0.0
243.0	16.11148671746215	33.85470871094432	33.882815882831075	16.15098868876245	0.0
244.0	16.109039260513903	34.09717527856053	33.75082599746314	16.04295946346243	0.0
245.0	16.1593911174241	34.160773560398326	33.621468883639324	16.058366438538258	0.0
246.0	16.044994341528625	33.984247423306826	33.97209500155703	15.998663233607521	0.0
247.0	16.257205130736573	33.8601274330369	33.66495287711597	16.21771455911055	0.0
248.0	16.09102021912275	34.162952614515554	33.68613665181046	16.05989051455124	0.0
249.0	16.149162630388243	33.93282822914927	33.79314009808536	16.124869042377128	0.0
250.0	16.200663513585326	33.6797673906607	33.93484812826917	16.184720967484797	0.0
251.0	16.138188552086337	33.5779663332372	34.00676978187945	16.277075332797015	0.0
252.0	16.23955621997769	34.091685195443816	33.721362605006945	15.94739597957155	0.0
253.0	16.055115481501716	33.98889192388236	33.94640201523566	16.009590579380255	0.0
254.0	16.126511599678334	34.03280379929294	33.82417649111627	16.016508109912454	0.0
255.0	15.998179611650484	33.92597087378641	34.0844963592233	15.991353155339805	0.0
256.0	16.12071384690062	33.818989905118734	33.91303688310112	16.14725936487952	0.0
257.0	16.00464188466585	33.4875571702707	34.33932783689691	16.16847310816653	0.0
258.0	16.094342484453207	33.65615046261186	34.06340057636888	16.186106476566057	0.0
259.0	16.196910757751542	33.857306429475955	33.60858982233445	16.33719299043806	0.0
260.0	16.013738409165004	33.92826002896287	33.93432555177303	16.123676010099093	0.0
261.0	16.013614414906115	33.93749194581523	33.87154238585799	16.17735125342066	0.0
262.0	16.14863994300569	34.07456250047369	33.84491788120628	15.93187967531434	0.0
263.0	16.122407220752844	34.10759891779649	33.7324653475101	16.03752851394057	0.0
264.0	16.124168447212497	33.8561318967738	34.041763270749044	15.977936385264657	0.0
265.0	16.0978492261305	33.95252994340866	34.02753051159478	15.922090318866053	0.0
266.0	16.235910798691066	33.77545146042904	33.87316688886195	16.11547085201794	0.0
267.0	16.130327105281093	33.926853836424634	33.86020585139014	16.082613206904124	0.0
268.0	15.95786572159874	33.905069138382785	33.88613748920896	16.25092765080952	0.0
269.0	16.264631505625463	33.642241705658776	33.873165856539316	16.21996093217644	0.0
270.0	16.07063081617664	33.91914709957825	33.89113101683237	16.119091067412754	0.0
271.0	16.116650389516003	33.89054183984798	33.65963342342547	16.333174347210548	0.0
272.0	16.039813798584564	33.6888316996556	34.182341142186736	16.089013359573098	0.0
273.0	16.030089526937545	33.76293145853987	33.95666684324839	16.25031217127419	0.0
274.0	16.07572524628865	33.86071639351705	33.86525627638807	16.198302083806237	0.0
275.0	16.309931830734428	33.9582813173843	33.9824923772991	15.74929447458217	0.0
276.0	16.222064186173192	33.839973369244504	33.939838702355914	15.998123742226392	0.0
277.0	16.04617037048243	33.68001452279019	33.91071509613784	16.363100010589534	0.0
278.0	16.096682951915657	33.90861101447521	33.773993011964365	16.22071302164476	0.0
279.0	16.499765531638104	33.73621552936905	33.70293614897061	16.061082790022237	0.0
280.0	16.166328907171593	33.846526118387224	33.826109313087926	16.161035661353257	0.0
281.0	15.8976452974003	33.92843639883248	34.118234199900186	16.055684103867033	0.0
282.0	16.19541550743922	34.047266239264545	33.69496189669771	16.062356356598524	0.0
283.0	16.226146913841593	33.58635497626032	34.14053285753168	16.04696525236641	0.0
284.0	16.166320166320165	33.8023058023058	33.92024192024192	16.11113211113211	0.0
285.0	16.010038399903245	34.03531581652708	33.83575726423366	16.118888519336014	0.0
286.0	16.229677945989252	33.745002154081035	33.62482710665346	16.400492793276243	0.0
287.0	16.240155992563146	33.66537176715993	33.9933793854014	16.101092854875525	0.0
288.0	16.1192090011259	33.780669341615095	33.9990478997121	16.101073757546907	0.0
289.0	16.2405174237616	33.84259679028017	33.818418109831654	16.098467676126578	0.0
290.0	16.134613786277193	33.6987812525973	33.95718894740421	16.2094160137213	0.0
291.0	16.138487455901128	33.77501454224049	33.93894525318607	16.14755274867231	0.0
292.0	16.113242892105024	33.77874127564432	33.79611445146086	16.311901380789802	0.0
293.0	16.232299966015933	33.88286825510705	33.83151455650795	16.053317222369067	0.0
294.0	16.202480025374193	33.69103898261566	33.89644912323098	16.21003186877917	0.0
295.0	16.060532833927386	34.05878088564007	33.84658370083973	16.034102579592822	0.0
296.0	16.04896319453884	33.70561672179179	33.97444610574963	16.270973977919745	0.0
297.0	16.051797040169134	33.8719420114769	34.00407731803081	16.072183630323163	0.0
298.0	16.28895397994927	33.56534605628699	34.0605749486653	16.08512501509844	0.0
299.0	16.073612222406737	34.26455713401471	33.64483159467987	16.016999048898686	0.0
300.0	16.225090579710145	33.51826690821256	34.08363526570049	16.173007246376812	0.0
301.0	16.109333011262418	33.93293879646125	33.82801413086144	16.129714061414898	0.0
302.0	15.983937561800381	34.048142025769344	33.93793920729452	16.029981205135755	0.0
303.0	16.08523036048548	33.99402210011473	33.80909969204758	16.111647847352213	0.0
304.0	16.053072499207534	34.128062310374496	33.930323476580774	15.88854171383719	0.0
305.0	16.106536653106815	33.74516034083276	33.95346379972679	16.194839206333633	0.0
306.0	16.113035799198425	33.87601989599137	33.91451365773762	16.096430647072587	0.0
307.0	16.043261030355175	33.59522407885402	34.256366133828436	16.10514875696237	0.0
308.0	16.073598333622634	33.80904583292454	33.786404836116915	16.33095099733591	0.0
309.0	16.23410437341987	33.795705822421795	33.94287008037433	16.027319723784007	0.0
310.0	16.271856676049534	33.81228728181057	33.70210774954532	16.213748292594577	0.0
311.0	16.192028493382228	33.668372043887054	34.053213806009566	16.08638565672115	0.0
312.0	16.19313466616371	34.04073934364391	33.84383251603168	15.922293474160695	0.0
313.0	16.126793500399813	33.66952822075708	34.18400446583485	16.019673813008254	0.0
314.0	16.379134764078	33.82114434428394	33.693659714102516	16.10606117753555	0.0
315.0	16.181151658696276	33.80376242702189	33.91011812270882	16.104967791573007	0.0
316.0	16.175649786547194	33.80926520945528	33.79040895445837	16.224676049539152	0.0
317.0	16.178178691566227	33.64306940400947	33.8972440529166	16.2815078515077	0.0
318.0	16.207593561914532	34.19742657595825	33.782601481302706	15.812378380824521	0.0
319.0	16.06434486191345	33.56611713600507	34.35195100981915	16.017586992262327	0.0
320.0	15.933067392599407	33.73249579597469	34.03488398398323	16.29955282744267	0.0
321.0	16.04430904731024	33.99867283997165	34.005459453753	15.951558658965117	0.0
322.0	16.016317174504792	34.14391385979596	33.842302501112194	15.997466464587056	0.0
323.0	15.822446040996027	34.03921686883231	34.08444970485574	16.053887385315914	0.0
324.0	16.21680698871645	33.6546796210174	34.00743191805293	16.12108147221322	0.0
325.0	16.147607705990534	34.04006753293738	33.835056830172746	15.977267930899334	0.0
326.0	15.98610231829007	33.88502004763197	34.03801513370113	16.090862500376836	0.0
327.0	16.290724928215603	33.76994325075929	33.77823331248257	16.161098508542533	0.0
328.0	16.213140820340467	33.69153209094129	33.830943248355325	16.26438384036292	0.0
329.0	16.067270960012657	33.84645523934387	34.056676989383426	16.02959681126005	0.0
330.0	16.029953517805616	33.85214594052991	33.99980412689564	16.118096414768832	0.0
331.0	16.223628691983123	33.89089813140446	33.90370705244123	15.981766124171187	0.0
332.0	16.276021065479284	33.862983974866076	33.88558642045069	15.975408539203942	0.0
333.0	16.220064334842515	34.122326601026046	33.596498497095894	16.06111056703555	0.0
334.0	16.08080321164145	33.857811052445264	33.668758049816596	16.392627686096695	0.0
335.0	16.109596469294612	33.8572655108527	33.84446218500053	16.18867583485216	0.0
336.0	16.20550978295251	34.012893313852786	33.878838999261944	15.902757903932763	0.0
337.0	16.05593710464486	34.02012169407796	33.69028254714139	16.23365865413579	0.0
338.0	16.146425586071345	33.91043067677779	33.81780391743416	16.125339819716697	0.0
339.0	16.0924993034691	33.73092070089834	33.92519634641305	16.25138364921951	0.0
340.0	16.082131132728968	33.890762882872025	33.804927265608534	16.22217871879047	0.0
341.0	16.05333293180552	33.76146236429614	33.93462123379459	16.250583470103745	0.0
342.0	16.040321002153064	33.756417784603336	33.91977957450653	16.283481638737072	0.0
343.0	16.01622773015001	33.92920314017116	33.81103274900458	16.243536380674247	0.0
344.0	16.050070378538685	33.99019969439907	34.002243080698214	15.957486846364027	0.0
345.0	16.157974363413295	33.7347674567392	34.02982153744251	16.07743664240499	0.0
346.0	16.232734936585	33.8082872304392	33.893342365737084	16.06563546723872	0.0
347.0	16.184871040332354	33.75830692927727	33.7891639259131	16.267658104477274	0.0
348.0	16.171689195291567	33.842610711382726	34.0104464581389	15.975253635186801	0.0
349.0	16.075876028020858	33.98319049518062	33.83119765840738	16.109735818391133	0.0
350.0	16.125415719853727	33.953589863207476	33.83997231042422	16.081022106514574	0.0
351.0	16.119881412812834	33.94482986952399	33.93053319086818	16.004755526794987	0.0
352.0	16.34200844186624	33.94803963614203	33.68921592969626	16.02073599229548	0.0
353.0	16.187767570292454	33.76069340676703	33.92697259026853	16.124566432671976	0.0
354.0	16.044116430059958	33.969049284913595	33.98936210230137	15.997472182725078	0.0
355.0	16.186184378808623	33.86045951761184	33.92515911587247	16.028196987707076	0.0
356.0	16.069386772582295	33.850123367635554	33.95995065294578	16.120539206836373	0.0
357.0	16.10673646051909	33.92823567458617	33.87107691613456	16.09395094876018	0.0
358.0	16.052010167401146	33.79457638335314	34.00664791613398	16.146765533111736	0.0
359.0	16.155714468331492	33.94767909645304	33.80029626956018	16.09631016565529	0.0
360.0	15.912354971389043	33.93989066929341	33.99703739350783	16.150716965809718	0.0
361.0	16.158548046343427	33.88844196170127	33.8102505883149	16.14275940364041	0.0
362.0	16.042672199918805	33.964094005142314	33.855082923602026	16.13815087133685	0.0
363.0	16.14178852009172	33.69319249708679	34.095402774123215	16.069616208698267	0.0
364.0	15.99741370884677	34.09393349322226	33.833048891428405	16.075603906502568	0.0
365.0	16.037494738108123	33.920410126886765	33.89560406518732	16.146491069817788	0.0
366.0	16.098605839690354	33.75897185374469	33.91304347826087	16.229378828304082	0.0
367.0	16.26478856301018	33.959200853865696	33.77279355391531	16.003217029208823	0.0
368.0	16.05591462498121	33.914023748684805	33.926799939876744	16.103261686457238	0.0
369.0	16.019537854593274	33.78019913582566	33.97482622581251	16.22543678376855	0.0
370.0	16.014938158428638	33.9332141085947	33.99407883861078	16.05776889436588	0.0
371.0	16.0949590564195	33.87574186762828	33.88400570956352	16.145293366388703	0.0
372.0	16.06105906833838	34.127872473087585	33.696672851701884	16.11439560687215	0.0
373.0	15.997535835562099	33.682423295369176	34.23686029389669	16.08318057517204	0.0
374.0	16.293257599663406	33.80967407474192	33.76534583539948	16.131722490195195	0.0
375.0	16.18569636135508	33.8131766579764	33.85374796204329	16.147379018625234	0.0
376.0	16.07103952399913	33.90229060394113	34.02775169222216	15.998918179837576	0.0
377.0	16.044142614601018	33.92054930360443	33.75602866715747	16.279279414637077	0.0
378.0	16.28829424403143	33.67790014573974	33.91754436047298	16.116261249755848	0.0
379.0	16.133539672761692	33.946842556004626	33.94909626335322	15.970521507880465	0.0
380.0	16.157510368455853	34.10846306425437	33.72753501232194	16.00649155496784	0.0
381.0	16.208886150887263	33.77082926389494	33.90831367481556	16.111970910402235	0.0
382.0	16.044652784037982	33.8569368069954	33.99891823672586	16.099492172240755	0.0
383.0	16.06346058502727	33.92151560222953	33.80958819729271	16.20543561545049	0.0
384.0	16.22161630273941	33.83509475629267	33.852370972951455	16.090917968016466	0.0
385.0	16.177155476766373	33.865661103015185	33.75373706113006	16.20344635908838	0.0
386.0	15.990085996470013	33.72939276728379	34.178527169627095	16.1019940666191	0.0
387.0	15.998558147219178	34.12384914615281	33.73184542136646	16.14574728526156	0.0
388.0	15.958245719435265	33.86527485731451	34.08380895163713	16.092670471613097	0.0
389.0	16.22644626857825	33.88207550712338	33.9203773103122	15.971100913986167	0.0
390.0	16.200303398969645	33.632226377686656	33.980684600249326	16.18678562309437	0.0
391.0	15.98981530858263	33.71313119174409	34.0436079044021	16.25344559527118	0.0
392.0	16.198537032308455	33.94565690854199	33.58517205641588	16.27063400273368	0.0
393.0	16.223969480553617	34.09256463979693	33.74486523832053	15.938600641328918	0.0
394.0	16.090348644244703	33.84019283188033	33.79363684831009	16.275821675564867	0.0
395.0	16.180257832971687	33.9012065742152	33.81861593098425	16.099919661828856	0.0
396.0	16.006427198462276	33.96579168668909	34.05814512253724	15.96963599231139	0.0
397.0	16.16860884190293	34.057394281595386	33.83439452186449	15.939602354637195	0.0
398.0	16.07027554621218	34.26908927096629	33.64817178466852	16.012463398153017	0.0
399.0	16.11963385971631	33.820669354899266	33.950575567119465	16.109121218264963	0.0
400.0	16.3263926954354	33.94805409342454	33.6852459508774	16.040307260262658	0.0
401.0	15.991980356378546	34.059456496436965	33.970099044100536	15.978464103083958	0.0
402.0	16.124648019523182	33.957574619861084	33.75333208184719	16.16444527876854	0.0
403.0	16.181450916490828	34.16509600438534	33.68526180624911	15.968191272874725	0.0
404.0	16.044756505087673	33.990913528329514	33.86625614838734	16.09807381819547	0.0
405.0	16.03847973505756	34.044502519506466	33.87478315723072	16.042234588205257	0.0
406.0	16.14596632470673	33.97044024212566	33.68655842107635	16.197035012091263	0.0
407.0	16.133586668368917	33.931374242435616	33.923113317362215	16.011925771833248	0.0
408.0	16.08333834044343	34.04434296701316	33.79423781770113	16.078080874842275	0.0
409.0	16.079126425041682	33.96743620169128	34.04103519233369	15.912402180933356	0.0
410.0	15.984887179641257	33.75296698014001	34.063936544181715	16.198209296037017	0.0
411.0	16.048223540899873	34.07346202959513	34.062945992638774	15.81536843686622	0.0
412.0	16.264815899770156	33.49031802544805	34.10548770411766	16.139378370664144	0.0
413.0	16.03283317562595	34.12562519713423	33.9145976959702	15.92694393126962	0.0
414.0	16.20817843866171	33.72010063459878	33.98520521197101	16.086515714768503	0.0
415.0	16.306666266109893	33.62048247063419	33.947937633310296	16.124913629945624	0.0
416.0	16.029381942723237	34.01305363406262	33.66906258684272	16.28850183637142	0.0
417.0	15.947220595082534	34.0310007660073	33.96941978701993	16.052358851890236	0.0
418.0	16.0899342164549	33.991168784356134	33.59841999339161	16.32047700579736	0.0
419.0	16.049141672799365	33.905050838802694	33.762371776579606	16.28343571181833	0.0
420.0	16.08397909533249	33.95356520694419	33.96182495344506	16.00063074427825	0.0
421.0	16.142814236371827	33.767833007959155	34.01486709716174	16.074485658507285	0.0
422.0	16.17861272544338	33.94227448153654	33.83415176225015	16.044961030769926	0.0
423.0	16.19099107216603	33.98809121558203	33.68849443230539	16.13242327994654	0.0
424.0	16.188330705113767	33.88375760306375	33.68176015619134	16.24615153563115	0.0
425.0	16.134312444624648	33.97155771800994	33.84015857998829	16.05397125737712	0.0
426.0	16.150513900463224	33.80256312079101	33.90166445190207	16.145258526843698	0.0
427.0	16.209622328486386	34.057247524603824	33.72544309403878	16.00768705287101	0.0
428.0	16.129443910641363	33.89157458563536	33.95463007446553	16.024351429257745	0.0
429.0	16.236140200737186	33.79050965024886	34.19288486513674	15.780465283877215	0.0
430.0	16.201813378167408	33.74114326888435	33.87624594691966	16.18079740602858	0.0
431.0	16.133995856726816	33.95982826432882	33.911039721379886	15.995136157564477	0.0
432.0	16.287344242606217	33.91457739078216	33.73967872691788	16.05839963969374	0.0
433.0	16.115181359596445	34.09350228200817	33.638601969733365	16.152714388662023	0.0
434.0	16.464000480393924	33.88578634480274	33.63357953521888	16.01663363958446	0.0
435.0	16.27201837272311	33.8904691498863	33.84919056446589	15.9883219129247	0.0
436.0	16.136295406784747	33.93800660462324	33.883968778144705	16.041729210447315	0.0
437.0	16.243273870723232	33.929710541917764	33.79762699907692	16.02938858828209	0.0
438.0	16.107730059508178	33.87763678250625	33.825857915788056	16.188775242197526	0.0
439.0	15.918045705279749	34.17689219107658	33.802394086082025	16.102668017561633	0.0
440.0	16.117073170731707	33.700562851782365	33.96923076923077	16.213133208255158	0.0
441.0	16.153240028516755	33.72931597313421	34.070766575363024	16.046677422986004	0.0
442.0	16.156969283071543	34.01226275619329	33.738339499733584	16.092428461001585	0.0
443.0	16.094877913346238	34.19176684225534	33.788813350742124	15.924541893656297	0.0
444.0	16.0076841686615	34.012952026474366	33.880880377604846	16.09848342725929	0.0
445.0	16.107488312409483	33.81859658864934	34.0272097612955	16.046705337645673	0.0
446.0	15.889631780764354	34.12500093799479	33.88637506284565	16.098992218395203	0.0
447.0	16.139634704566944	33.88963095255962	34.02320241329111	15.947531929582325	0.0
448.0	16.036737725952772	34.034921849792525	33.86834147476157	16.05999894949313	0.0
449.0	16.210862763634726	33.75800001500589	33.86754301063167	16.163594210727712	0.0
450.0	16.356829912375463	33.718191093506185	33.97476293362141	15.950216060496938	0.0
451.0	15.999129788973827	33.64415870848681	34.128776228235346	16.22793527430402	0.0
452.0	16.400981223228285	34.07875291628846	33.37734334561112	16.142922514872133	0.0
453.0	16.109698374477723	34.032450435447934	33.81266362115654	16.045187568917793	0.0
454.0	16.051512446841226	34.157372475192574	33.816106265047594	15.975008812918615	0.0
455.0	16.195804615373078	33.926067033156585	33.840569384341926	16.037558967128405	0.0
456.0	16.14011143523483	33.9914961267632	33.96749930634191	15.900893131660055	0.0
457.0	16.24459126052689	33.943261666754154	33.50531312570773	16.306833947011228	0.0
458.0	16.151262016526942	33.948469533136375	33.76400365932303	16.136264791013662	0.0
459.0	15.960677569567858	33.72775740669921	34.256405641913936	16.055159381819	0.0
460.0	16.092436659743413	33.62750905396387	33.97692082749106	16.303133458801653	0.0
461.0	16.157571940558128	33.910657249538886	33.69997150868985	16.23179930121313	0.0
462.0	16.274919963711884	33.95712904023932	33.80043035905741	15.967520636991386	0.0
463.0	16.14260008996851	33.84165542060279	33.99385215174689	16.021892337681813	0.0
464.0	16.25457326216038	33.942601811311704	33.785161638577335	16.01766328795058	0.0
465.0	16.265367316341827	33.856821589205396	33.84632683658171	16.031484257871064	0.0
466.0	16.172104600251906	33.58198884423919	34.145774605649855	16.100131949859055	0.0
467.0	16.250459190175953	33.730423504539424	33.79489755373462	16.224219751550002	0.0
468.0	16.174111226065705	33.89186271422788	33.72617815962695	16.207847900079468	0.0
469.0	16.176845451410234	33.67845736306248	33.917620068674935	16.22707711685235	0.0
470.0	16.278285123037474	34.035869059936715	33.48178805464334	16.204057762382472	0.0
471.0	16.264929261727858	33.848656835034	33.873398361061334	16.013015542176802	0.0
472.0	16.15795826866701	34.11457747587665	33.80118011351282	15.926284141943514	0.0
473.0	16.092393504565695	33.728427271227865	34.027559114149916	16.151620110056527	0.0
474.0	16.280080965589626	33.732663617962366	33.831621560836645	16.155633855611367	0.0
475.0	16.268660073628098	34.023378045031606	33.81344050145082	15.894521379889484	0.0
476.0	16.182071737044147	33.896653071017276	33.64773272552783	16.27354246641075	0.0
477.0	16.149203373945642	33.843673851921274	33.862417994376756	16.144704779756324	0.0
